AeroDyn airfoil file.  Compatible with AeroDyn v13.0.
This file was generated automatically by HARP_Opt.
This data represents a 21.2 percent thick airfoil, and was interpolated between the airfoil data in the files FFA_0240.dat and FFA_0210.dat.
  1           Number of airfoil tables in this file
 1.758         Table ID parameter (Reynolds number in millions)
10.986         Stall angle (deg)
  0           Zero lift angle of attack (deg)
  0           Cn slope for zero lift (dimensionless)
  0           Cn at stall value for positive angle of attack
  0           Cn at stall value for negative angle of attack
  0           Angle of attack for minimum CD (deg)
  0           Minimum CD value
-180.000    0.0000    0.1910    -1.0000
-170.000    0.2878    0.2261    -1.0000
-160.000    0.5747    0.3293    -1.0000
-150.000    0.8579    0.4867    -1.0000
-140.000    0.7316    0.6772    -1.0000
-130.000    0.6131    0.8770    -1.0000
-120.000    0.4813    1.0601    -1.0000
-110.000    0.3286    1.2005    -1.0000
-100.000    0.1632    1.2802    -1.0000
-90.000    0.0000    1.2861    -1.0000
-80.000    -0.1632    1.2802    -1.0000
-70.000    -0.3286    1.2005    -1.0000
-60.000    -0.4813    1.0601    -1.0000
-50.000    -0.6131    0.8770    -1.0000
-40.000    -0.7316    0.6772    -1.0000
-30.000    -0.8581    0.4881    -1.0000
-20.000    -0.5989    0.2940    -0.7230
-10.000    -0.2755    0.0826    -4.3499
-3.490    -0.0979    0.0030    -1.1375
-2.280    0.0536    0.0034    -0.8441
-1.050    0.2030    0.0045    -0.8293
0.000    0.3336    0.0052    -0.9150
0.352    0.3776    0.0052    -0.9464
0.704    0.4214    0.0052    -0.9787
1.055    0.4651    0.0052    -1.0109
1.405    0.5081    0.0053    -1.0461
1.753    0.5508    0.0053    -1.0826
2.100    0.5935    0.0053    -1.1189
2.445    0.6358    0.0053    -1.1578
2.787    0.6777    0.0056    -1.2028
3.126    0.7193    0.0059    -1.2475
3.462    0.7598    0.0062    -1.2922
3.794    0.7996    0.0063    -1.3400
4.123    0.8392    0.0064    -1.3873
4.447    0.8778    0.0064    -1.4342
4.767    0.9163    0.0065    -1.4910
5.081    0.9547    0.0066    -1.5469
5.391    0.9926    0.0067    -1.6021
5.695    1.0290    0.0070    -1.6564
5.993    1.0637    0.0074    -1.7216
6.285    1.0974    0.0075    -1.7965
6.571    1.1301    0.0076    -1.8699
6.850    1.1619    0.0077    -1.9504
7.121    1.1927    0.0079    -2.0330
7.386    1.2223    0.0081    -2.1134
7.643    1.2510    0.0083    -2.1909
7.892    1.2782    0.0085    -2.2812
8.133    1.3039    0.0086    -2.3766
8.365    1.3285    0.0088    -2.4686
8.589    1.3520    0.0091    -2.5651
8.804    1.3729    0.0094    -2.6616
9.010    1.3910    0.0099    -2.7540
9.207    1.4083    0.0104    -2.8424
9.395    1.4226    0.0109    -2.9263
9.572    1.4356    0.0115    -3.0056
9.740    1.4456    0.0121    -3.0806
9.898    1.4549    0.0126    -3.1507
10.046    1.4635    0.0131    -3.2150
10.183    1.4708    0.0136    -3.2748
10.310    1.4757    0.0140    -3.3301
10.426    1.4801    0.0144    -3.3807
10.532    1.4841    0.0148    -3.4267
10.627    1.4862    0.0151    -3.4679
10.711    1.4873    0.0155    -3.5034
10.783    1.4883    0.0159    -3.5333
10.845    1.4891    0.0161    -3.5586
10.896    1.4899    0.0163    -3.5794
10.935    1.4904    0.0165    -3.5956
10.963    1.4908    0.0166    -3.6071
10.980    1.4910    0.0166    -3.6141
10.986    1.4911    0.0167    -3.6164
11.003    1.4905    0.0169    -3.6236
11.056    1.4885    0.0177    -3.6451
11.143    1.4854    0.0190    -3.6809
11.265    1.4809    0.0208    -3.7309
11.422    1.4734    0.0242    -3.7952
11.613    1.4574    0.0322    -3.8737
11.839    1.4341    0.0417    -3.9661
12.098    1.3963    0.0528    -4.0726
12.392    1.3766    0.0608    -4.1916
12.719    1.3627    0.0680    -4.2926
13.079    1.3507    0.0749    -4.4038
13.472    1.3393    0.0822    -4.5007
13.897    1.3218    0.0893    -4.5532
14.354    1.3030    0.0954    -4.6097
14.843    1.2835    0.1015    -4.6655
15.363    1.2645    0.1075    -4.7242
15.913    1.2406    0.1128    -4.7828
16.493    1.2085    0.1168    -4.8441
17.103    1.1731    0.1210    -4.9085
17.741    1.1312    0.1213    -5.0251
18.407    1.1011    0.1232    -5.1519
19.100    1.0902    0.1328    -4.4048
19.820    1.0808    0.1467    -3.1039
20.566    1.0707    0.1585    -2.1079
21.337    1.0605    0.1681    -1.2303
22.132    1.0514    0.1860    -1.0475
22.951    1.0438    0.2050    -1.0000
23.793    1.0369    0.2222    -1.0000
24.656    1.0314    0.2432    -1.0000
25.540    1.0279    0.2681    -1.0000
26.444    1.0236    0.2943    -1.0000
27.367    1.0185    0.3219    -1.0000
28.309    1.0252    0.3586    -1.0000
29.267    1.0338    0.3872    -1.0000
30.242    1.0326    0.4065    -1.0000
31.232    1.0103    0.4197    -1.0000
32.236    0.9896    0.4337    -1.0000
33.253    0.9692    0.4477    -1.0000
34.282    0.9485    0.4621    -1.0000
35.322    0.9280    0.4767    -1.0000
36.372    0.9078    0.4917    -1.0000
37.431    0.8879    0.5068    -1.0000
38.498    0.8683    0.5224    -1.0000
39.571    0.8491    0.5382    -1.0000
40.650    0.8316    0.5549    -1.0000
41.734    0.8153    0.5724    -1.0000
42.821    0.7994    0.5901    -1.0000
43.910    0.7839    0.6082    -1.0000
45.000    0.7687    0.6266    -1.0000
50.000    0.7031    0.7148    -1.0000
60.000    0.5653    0.8969    -1.0000
70.000    0.4039    1.0713    -1.0000
80.000    0.2143    1.2169    -1.0000
90.000    0.0004    1.2861    -1.0000
100.000    -0.1638    1.2804    -1.0000
110.000    -0.3282    1.2011    -1.0000
120.000    -0.4807    1.0593    -1.0000
130.000    -0.6133    0.8770    -1.0000
140.000    -0.7310    0.6773    -1.0000
150.000    -0.8542    0.4870    -1.0000
160.000    -0.5748    0.3302    -1.0000
170.000    -0.2878    0.2267    -1.0000
180.000    0.0000    0.1910    -1.0000
EOT 1
