AeroDyn airfoil file.  Compatible with AeroDyn v13.0.
This file was generated automatically by HARP_Opt.
This data represents a 21.2 percent thick airfoil, and was interpolated between the airfoil data in the files FFA_0240.dat and FFA_0210.dat.
  1           Number of airfoil tables in this file
 1.758         Table ID parameter (Reynolds number in millions)
10.986         Stall angle (deg)
  0           Zero lift angle of attack (deg)
  0           Cn slope for zero lift (dimensionless)
  0           Cn at stall value for positive angle of attack
  0           Cn at stall value for negative angle of attack
  0           Angle of attack for minimum CD (deg)
  0           Minimum CD value
-180.000    0.0000    0.1910    -1.0000
-170.000    0.2878    0.2261    -1.0000
-160.000    0.5747    0.3293    -1.0000
-150.000    0.8579    0.4867    -1.0000
-140.000    0.7316    0.6772    -1.0000
-130.000    0.6131    0.8770    -1.0000
-120.000    0.4813    1.0601    -1.0000
-110.000    0.3286    1.2005    -1.0000
-100.000    0.1632    1.2802    -1.0000
-90.000    0.0000    1.2861    -1.0000
-80.000    -0.1632    1.2802    -1.0000
-70.000    -0.3286    1.2005    -1.0000
-60.000    -0.4813    1.0601    -1.0000
-50.000    -0.6131    0.8770    -1.0000
-40.000    -0.7316    0.6772    -1.0000
-30.000    -0.8581    0.4881    -1.0000
-20.000    -0.5989    0.2940    -0.7230
-10.000    -0.3804    0.1143    -4.3499
-3.490    -0.0974    0.0029    -1.1375
-2.280    0.0536    0.0034    -0.8441
-1.050    0.2033    0.0045    -0.8293
0.000    0.3336    0.0052    -0.9150
0.352    0.3774    0.0052    -0.9464
0.704    0.4212    0.0052    -0.9787
1.055    0.4648    0.0052    -1.0109
1.405    0.5078    0.0053    -1.0461
1.753    0.5505    0.0053    -1.0826
2.100    0.5932    0.0053    -1.1189
2.445    0.6355    0.0053    -1.1578
2.787    0.6774    0.0056    -1.2028
3.126    0.7190    0.0059    -1.2475
3.462    0.7596    0.0062    -1.2922
3.794    0.7996    0.0063    -1.3400
4.123    0.8393    0.0064    -1.3873
4.447    0.8781    0.0064    -1.4342
4.767    0.9168    0.0065    -1.4910
5.081    0.9552    0.0066    -1.5469
5.391    0.9931    0.0067    -1.6021
5.695    1.0297    0.0070    -1.6564
5.993    1.0647    0.0074    -1.7216
6.285    1.0988    0.0075    -1.7965
6.571    1.1318    0.0076    -1.8699
6.850    1.1641    0.0077    -1.9504
7.121    1.1953    0.0079    -2.0330
7.386    1.2254    0.0081    -2.1134
7.643    1.2546    0.0083    -2.1909
7.892    1.2824    0.0085    -2.2812
8.133    1.3087    0.0087    -2.3766
8.365    1.3340    0.0090    -2.4686
8.589    1.3582    0.0093    -2.5651
8.804    1.3800    0.0096    -2.6616
9.010    1.3993    0.0102    -2.7540
9.207    1.4178    0.0108    -2.8424
9.395    1.4335    0.0114    -2.9263
9.572    1.4481    0.0121    -3.0056
9.740    1.4598    0.0128    -3.0806
9.898    1.4708    0.0135    -3.1507
10.046    1.4811    0.0141    -3.2150
10.183    1.4900    0.0147    -3.2748
10.310    1.4967    0.0152    -3.3301
10.426    1.5028    0.0158    -3.3807
10.532    1.5083    0.0164    -3.4267
10.627    1.5120    0.0168    -3.4679
10.711    1.5147    0.0174    -3.5034
10.783    1.5170    0.0178    -3.5333
10.845    1.5190    0.0182    -3.5586
10.896    1.5207    0.0185    -3.5794
10.935    1.5219    0.0188    -3.5956
10.963    1.5228    0.0189    -3.6071
10.980    1.5234    0.0190    -3.6141
10.986    1.5236    0.0191    -3.6164
11.003    1.5234    0.0193    -3.6236
11.056    1.5229    0.0203    -3.6451
11.143    1.5221    0.0218    -3.6809
11.265    1.5209    0.0239    -3.7309
11.422    1.5179    0.0278    -3.7952
11.613    1.5086    0.0365    -3.8737
11.839    1.4940    0.0469    -3.9661
12.098    1.4680    0.0594    -4.0726
12.392    1.4577    0.0687    -4.1916
12.719    1.4530    0.0773    -4.2926
13.079    1.4505    0.0858    -4.4038
13.472    1.4492    0.0950    -4.5007
13.897    1.4435    0.1044    -4.5532
14.354    1.4374    0.1131    -4.6097
14.843    1.4314    0.1223    -4.6655
15.363    1.4251    0.1316    -4.7242
15.913    1.4142    0.1405    -4.7828
16.493    1.3965    0.1488    -4.8441
17.103    1.3761    0.1577    -4.9085
17.741    1.3499    0.1634    -5.0251
18.407    1.3337    0.1708    -5.1519
19.100    1.3333    0.1856    -4.4048
19.820    1.3341    0.2050    -3.1039
20.566    1.3341    0.2229    -2.1079
21.337    1.3337    0.2387    -1.2303
22.132    1.3340    0.2632    -1.0475
22.951    1.3350    0.2891    -1.0000
23.793    1.3363    0.3134    -1.0000
24.656    1.3384    0.3418    -1.0000
25.540    1.3416    0.3742    -1.0000
26.444    1.3436    0.4083    -1.0000
27.367    1.3444    0.4439    -1.0000
28.309    1.3549    0.4882    -1.0000
29.267    1.3666    0.5246    -1.0000
30.242    1.3690    0.5520    -1.0000
31.232    1.3519    0.5746    -1.0000
32.236    1.3353    0.5978    -1.0000
33.253    1.3183    0.6211    -1.0000
34.282    1.3001    0.6447    -1.0000
35.322    1.2814    0.6684    -1.0000
36.372    1.2620    0.6923    -1.0000
37.431    1.2421    0.7162    -1.0000
38.498    1.2216    0.7403    -1.0000
39.571    1.2007    0.7642    -1.0000
40.650    1.1807    0.7887    -1.0000
41.734    1.1610    0.8135    -1.0000
42.821    1.1410    0.8381    -1.0000
43.910    1.1207    0.8626    -1.0000
45.000    1.1001    0.8869    -1.0000
50.000    1.0022    0.9953    -1.0000
60.000    0.7761    1.1783    -1.0000
70.000    0.5169    1.2946    -1.0000
80.000    0.2475    1.3264    -1.0000
90.000    0.0004    1.2861    -1.0000
100.000    -0.1638    1.2804    -1.0000
110.000    -0.3282    1.2011    -1.0000
120.000    -0.4807    1.0593    -1.0000
130.000    -0.6133    0.8770    -1.0000
140.000    -0.7310    0.6773    -1.0000
150.000    -0.8542    0.4870    -1.0000
160.000    -0.5748    0.3302    -1.0000
170.000    -0.2878    0.2267    -1.0000
180.000    0.0000    0.1910    -1.0000
EOT 1
