AeroDyn airfoil file.  Compatible with AeroDyn v13.0.
This file was generated automatically by HARP_Opt.
This data represents a 21.2 percent thick airfoil, and was interpolated between the airfoil data in the files FFA_0240.dat and FFA_0210.dat.
  1           Number of airfoil tables in this file
 1.758         Table ID parameter (Reynolds number in millions)
10.986         Stall angle (deg)
  0           Zero lift angle of attack (deg)
  0           Cn slope for zero lift (dimensionless)
  0           Cn at stall value for positive angle of attack
  0           Cn at stall value for negative angle of attack
  0           Angle of attack for minimum CD (deg)
  0           Minimum CD value
-180.000    0.0000    0.1910    -1.0000
-170.000    0.2878    0.2261    -1.0000
-160.000    0.5747    0.3293    -1.0000
-150.000    0.8579    0.4867    -1.0000
-140.000    0.7316    0.6772    -1.0000
-130.000    0.6131    0.8770    -1.0000
-120.000    0.4813    1.0601    -1.0000
-110.000    0.3286    1.2005    -1.0000
-100.000    0.1632    1.2802    -1.0000
-90.000    0.0000    1.2861    -1.0000
-80.000    -0.1632    1.2802    -1.0000
-70.000    -0.3286    1.2005    -1.0000
-60.000    -0.4813    1.0601    -1.0000
-50.000    -0.6131    0.8770    -1.0000
-40.000    -0.7316    0.6772    -1.0000
-30.000    -0.8581    0.4881    -1.0000
-20.000    -0.5989    0.2940    -0.7230
-10.000    -0.5135    0.1546    -4.3499
-3.490    -0.0968    0.0027    -1.1375
-2.280    0.0536    0.0034    -0.8441
-1.050    0.2037    0.0044    -0.8293
0.000    0.3336    0.0052    -0.9150
0.352    0.3773    0.0052    -0.9464
0.704    0.4209    0.0052    -0.9787
1.055    0.4643    0.0053    -1.0109
1.405    0.5073    0.0054    -1.0461
1.753    0.5501    0.0053    -1.0826
2.100    0.5927    0.0053    -1.1189
2.445    0.6350    0.0053    -1.1578
2.787    0.6770    0.0056    -1.2028
3.126    0.7186    0.0059    -1.2475
3.462    0.7594    0.0062    -1.2922
3.794    0.7996    0.0063    -1.3400
4.123    0.8395    0.0064    -1.3873
4.447    0.8785    0.0064    -1.4342
4.767    0.9174    0.0065    -1.4910
5.081    0.9558    0.0066    -1.5469
5.391    0.9938    0.0067    -1.6021
5.695    1.0305    0.0070    -1.6564
5.993    1.0660    0.0074    -1.7216
6.285    1.1005    0.0075    -1.7965
6.571    1.1341    0.0076    -1.8699
6.850    1.1669    0.0077    -1.9504
7.121    1.1986    0.0079    -2.0330
7.386    1.2293    0.0081    -2.1134
7.643    1.2592    0.0084    -2.1909
7.892    1.2876    0.0086    -2.2812
8.133    1.3148    0.0089    -2.3766
8.365    1.3410    0.0091    -2.4686
8.589    1.3660    0.0095    -2.5651
8.804    1.3890    0.0099    -2.6616
9.010    1.4099    0.0106    -2.7540
9.207    1.4298    0.0113    -2.8424
9.395    1.4475    0.0120    -2.9263
9.572    1.4638    0.0128    -3.0056
9.740    1.4779    0.0137    -3.0806
9.898    1.4911    0.0145    -3.1507
10.046    1.5034    0.0154    -3.2150
10.183    1.5144    0.0161    -3.2748
10.310    1.5233    0.0169    -3.3301
10.426    1.5316    0.0176    -3.3807
10.532    1.5390    0.0183    -3.4267
10.627    1.5448    0.0190    -3.4679
10.711    1.5494    0.0197    -3.5034
10.783    1.5535    0.0203    -3.5333
10.845    1.5569    0.0208    -3.5586
10.896    1.5598    0.0213    -3.5794
10.935    1.5619    0.0216    -3.5956
10.963    1.5635    0.0218    -3.6071
10.980    1.5644    0.0220    -3.6141
10.986    1.5648    0.0221    -3.6164
11.003    1.5652    0.0224    -3.6236
11.056    1.5665    0.0235    -3.6451
11.143    1.5687    0.0253    -3.6809
11.265    1.5717    0.0278    -3.7309
11.422    1.5744    0.0323    -3.7952
11.613    1.5736    0.0419    -3.8737
11.839    1.5700    0.0536    -3.9661
12.098    1.5589    0.0677    -4.0726
12.392    1.5607    0.0787    -4.1916
12.719    1.5676    0.0891    -4.2926
13.079    1.5772    0.0996    -4.4038
13.472    1.5887    0.1112    -4.5007
13.897    1.5980    0.1235    -4.5532
14.354    1.6081    0.1356    -4.6097
14.843    1.6191    0.1487    -4.6655
15.363    1.6288    0.1621    -4.7242
15.913    1.6344    0.1757    -4.7828
16.493    1.6351    0.1894    -4.8441
17.103    1.6336    0.2043    -4.9085
17.741    1.6276    0.2168    -5.0251
18.407    1.6288    0.2312    -5.1519
19.100    1.6419    0.2526    -4.4048
19.820    1.6557    0.2791    -3.1039
20.566    1.6685    0.3045    -2.1079
21.337    1.6805    0.3284    -1.2303
22.132    1.6926    0.3612    -1.0475
22.951    1.7047    0.3959    -1.0000
23.793    1.7163    0.4293    -1.0000
24.656    1.7279    0.4670    -1.0000
25.540    1.7398    0.5090    -1.0000
26.444    1.7498    0.5530    -1.0000
27.367    1.7580    0.5987    -1.0000
28.309    1.7734    0.6528    -1.0000
29.267    1.7889    0.6989    -1.0000
30.242    1.7959    0.7368    -1.0000
31.232    1.7854    0.7711    -1.0000
32.236    1.7742    0.8061    -1.0000
33.253    1.7613    0.8411    -1.0000
34.282    1.7464    0.8764    -1.0000
35.322    1.7298    0.9117    -1.0000
36.372    1.7115    0.9469    -1.0000
37.431    1.6916    0.9819    -1.0000
38.498    1.6701    1.0167    -1.0000
39.571    1.6471    1.0510    -1.0000
40.650    1.6237    1.0854    -1.0000
41.734    1.5998    1.1194    -1.0000
42.821    1.5745    1.1528    -1.0000
43.910    1.5481    1.1855    -1.0000
45.000    1.5206    1.2173    -1.0000
50.000    1.3818    1.3512    -1.0000
60.000    1.0437    1.5354    -1.0000
70.000    0.6603    1.5780    -1.0000
80.000    0.2896    1.4654    -1.0000
90.000    0.0004    1.2861    -1.0000
100.000    -0.1638    1.2804    -1.0000
110.000    -0.3282    1.2011    -1.0000
120.000    -0.4807    1.0593    -1.0000
130.000    -0.6133    0.8770    -1.0000
140.000    -0.7310    0.6773    -1.0000
150.000    -0.8542    0.4870    -1.0000
160.000    -0.5748    0.3302    -1.0000
170.000    -0.2878    0.2267    -1.0000
180.000    0.0000    0.1910    -1.0000
EOT 1
