AeroDyn airfoil file.  Compatible with AeroDyn v13.0.
This file was generated automatically by HARP_Opt.
This data represents a 21.2 percent thick airfoil, and was interpolated between the airfoil data in the files FFA_0240.dat and FFA_0210.dat.
  1           Number of airfoil tables in this file
 1.758         Table ID parameter (Reynolds number in millions)
10.986         Stall angle (deg)
  0           Zero lift angle of attack (deg)
  0           Cn slope for zero lift (dimensionless)
  0           Cn at stall value for positive angle of attack
  0           Cn at stall value for negative angle of attack
  0           Angle of attack for minimum CD (deg)
  0           Minimum CD value
-180.000    0.0000    0.1910    -1.0000
-170.000    0.2878    0.2261    -1.0000
-160.000    0.5747    0.3293    -1.0000
-150.000    0.8579    0.4867    -1.0000
-140.000    0.7316    0.6772    -1.0000
-130.000    0.6131    0.8770    -1.0000
-120.000    0.4813    1.0601    -1.0000
-110.000    0.3286    1.2005    -1.0000
-100.000    0.1632    1.2802    -1.0000
-90.000    0.0000    1.2861    -1.0000
-80.000    -0.1632    1.2802    -1.0000
-70.000    -0.3286    1.2005    -1.0000
-60.000    -0.4813    1.0601    -1.0000
-50.000    -0.6131    0.8770    -1.0000
-40.000    -0.7316    0.6772    -1.0000
-30.000    -0.8581    0.4881    -1.0000
-20.000    -0.5989    0.2940    -0.7230
-10.000    -0.5925    0.1785    -4.3499
-3.490    -0.0964    0.0027    -1.1375
-2.280    0.0536    0.0034    -0.8441
-1.050    0.2039    0.0044    -0.8293
0.000    0.3336    0.0052    -0.9150
0.352    0.3772    0.0052    -0.9464
0.704    0.4207    0.0053    -0.9787
1.055    0.4641    0.0053    -1.0109
1.405    0.5071    0.0054    -1.0461
1.753    0.5498    0.0054    -1.0826
2.100    0.5925    0.0054    -1.1189
2.445    0.6348    0.0054    -1.1578
2.787    0.6767    0.0057    -1.2028
3.126    0.7184    0.0059    -1.2475
3.462    0.7593    0.0062    -1.2922
3.794    0.7996    0.0063    -1.3400
4.123    0.8396    0.0064    -1.3873
4.447    0.8788    0.0064    -1.4342
4.767    0.9177    0.0065    -1.4910
5.081    0.9562    0.0066    -1.5469
5.391    0.9941    0.0067    -1.6021
5.695    1.0310    0.0070    -1.6564
5.993    1.0667    0.0074    -1.7216
6.285    1.1015    0.0075    -1.7965
6.571    1.1354    0.0076    -1.8699
6.850    1.1685    0.0077    -1.9504
7.121    1.2006    0.0079    -2.0330
7.386    1.2317    0.0082    -2.1134
7.643    1.2619    0.0084    -2.1909
7.892    1.2908    0.0087    -2.2812
8.133    1.3185    0.0090    -2.3766
8.365    1.3451    0.0093    -2.4686
8.589    1.3706    0.0097    -2.5651
8.804    1.3943    0.0101    -2.6616
9.010    1.4161    0.0109    -2.7540
9.207    1.4370    0.0116    -2.8424
9.395    1.4557    0.0124    -2.9263
9.572    1.4732    0.0133    -3.0056
9.740    1.4886    0.0143    -3.0806
9.898    1.5031    0.0152    -3.1507
10.046    1.5167    0.0161    -3.2150
10.183    1.5288    0.0169    -3.2748
10.310    1.5392    0.0178    -3.3301
10.426    1.5486    0.0187    -3.3807
10.532    1.5573    0.0195    -3.4267
10.627    1.5642    0.0203    -3.4679
10.711    1.5701    0.0211    -3.5034
10.783    1.5751    0.0218    -3.5333
10.845    1.5794    0.0224    -3.5586
10.896    1.5830    0.0229    -3.5794
10.935    1.5857    0.0233    -3.5956
10.963    1.5876    0.0235    -3.6071
10.980    1.5888    0.0237    -3.6141
10.986    1.5892    0.0238    -3.6164
11.003    1.5900    0.0242    -3.6236
11.056    1.5924    0.0254    -3.6451
11.143    1.5963    0.0273    -3.6809
11.265    1.6018    0.0302    -3.7309
11.422    1.6080    0.0350    -3.7952
11.613    1.6122    0.0451    -3.8737
11.839    1.6151    0.0575    -3.9661
12.098    1.6129    0.0727    -4.0726
12.392    1.6218    0.0847    -4.1916
12.719    1.6356    0.0961    -4.2926
13.079    1.6524    0.1079    -4.4038
13.472    1.6715    0.1208    -4.5007
13.897    1.6897    0.1348    -4.5532
14.354    1.7093    0.1489    -4.6097
14.843    1.7305    0.1643    -4.6655
15.363    1.7497    0.1802    -4.7242
15.913    1.7651    0.1965    -4.7828
16.493    1.7766    0.2134    -4.8441
17.103    1.7864    0.2320    -4.9085
17.741    1.7923    0.2486    -5.0251
18.407    1.8039    0.2670    -5.1519
19.100    1.8250    0.2924    -4.4048
19.820    1.8465    0.3231    -3.1039
20.566    1.8668    0.3529    -2.1079
21.337    1.8863    0.3815    -1.2303
22.132    1.9053    0.4194    -1.0475
22.951    1.9240    0.4592    -1.0000
23.793    1.9418    0.4980    -1.0000
24.656    1.9591    0.5413    -1.0000
25.540    1.9760    0.5889    -1.0000
26.444    1.9908    0.6388    -1.0000
27.367    2.0033    0.6906    -1.0000
28.309    2.0216    0.7504    -1.0000
29.267    2.0395    0.8023    -1.0000
30.242    2.0491    0.8464    -1.0000
31.232    2.0425    0.8877    -1.0000
32.236    2.0345    0.9297    -1.0000
33.253    2.0242    0.9717    -1.0000
34.282    2.0112    1.0139    -1.0000
35.322    1.9959    1.0560    -1.0000
36.372    1.9782    1.0980    -1.0000
37.431    1.9583    1.1395    -1.0000
38.498    1.9361    1.1807    -1.0000
39.571    1.9119    1.2212    -1.0000
40.650    1.8866    1.2614    -1.0000
41.734    1.8601    1.3010    -1.0000
42.821    1.8317    1.3395    -1.0000
43.910    1.8017    1.3770    -1.0000
45.000    1.7701    1.4133    -1.0000
50.000    1.6070    1.5624    -1.0000
60.000    1.2024    1.7473    -1.0000
70.000    0.7454    1.7462    -1.0000
80.000    0.3145    1.5478    -1.0000
90.000    0.0004    1.2861    -1.0000
100.000    -0.1638    1.2804    -1.0000
110.000    -0.3282    1.2011    -1.0000
120.000    -0.4807    1.0593    -1.0000
130.000    -0.6133    0.8770    -1.0000
140.000    -0.7310    0.6773    -1.0000
150.000    -0.8542    0.4870    -1.0000
160.000    -0.5748    0.3302    -1.0000
170.000    -0.2878    0.2267    -1.0000
180.000    0.0000    0.1910    -1.0000
EOT 1
