AeroDyn airfoil file.  Compatible with AeroDyn v13.0.
This file was generated automatically by HARP_Opt.
This data represents a 22.5 percent thick airfoil, and was interpolated between the airfoil data in the files FFA_0240.dat and FFA_0210.dat.
  1           Number of airfoil tables in this file
 1.615         Table ID parameter (Reynolds number in millions)
13.040         Stall angle (deg)
  0           Zero lift angle of attack (deg)
  0           Cn slope for zero lift (dimensionless)
  0           Cn at stall value for positive angle of attack
  0           Cn at stall value for negative angle of attack
  0           Angle of attack for minimum CD (deg)
  0           Minimum CD value
-180.000    0.0000    0.1129    -1.0000
-170.000    0.2347    0.1488    -1.0000
-160.000    0.4688    0.2533    -1.0000
-150.000    0.7009    0.4129    -1.0000
-140.000    0.6506    0.6072    -1.0000
-130.000    0.5620    0.8123    -1.0000
-120.000    0.4507    1.0022    -1.0000
-110.000    0.3132    1.1519    -1.0000
-100.000    0.1580    1.2424    -1.0000
-90.000    0.0000    1.2610    -1.0000
-80.000    -0.1580    1.2424    -1.0000
-70.000    -0.3132    1.1519    -1.0000
-60.000    -0.4507    1.0022    -1.0000
-50.000    -0.5620    0.8123    -1.0000
-40.000    -0.6506    0.6072    -1.0000
-30.000    -0.7027    0.4241    -1.0000
-20.000    -0.4881    0.2618    -0.7230
-10.000    -0.6078    0.2018    -4.3499
-3.490    -0.1034    0.0078    -1.1459
-2.280    0.0460    0.0102    -0.9302
-1.050    0.1872    0.0105    -0.9215
0.000    0.3101    0.0111    -0.9976
0.418    0.3594    0.0113    -1.0409
0.835    0.4085    0.0114    -1.0876
1.252    0.4571    0.0114    -1.1362
1.668    0.5051    0.0117    -1.1918
2.081    0.5531    0.0119    -1.2471
2.493    0.6015    0.0120    -1.3025
2.902    0.6496    0.0122    -1.3584
3.308    0.6973    0.0126    -1.4138
3.710    0.7445    0.0131    -1.4694
4.109    0.7896    0.0134    -1.5247
4.504    0.8352    0.0137    -1.5804
4.893    0.8817    0.0139    -1.6403
5.278    0.9258    0.0140    -1.7018
5.658    0.9691    0.0143    -1.7655
6.031    1.0114    0.0147    -1.8382
6.399    1.0547    0.0151    -1.9189
6.760    1.0958    0.0156    -2.0019
7.114    1.1335    0.0160    -2.0929
7.460    1.1718    0.0163    -2.1829
7.799    1.2090    0.0166    -2.2787
8.130    1.2448    0.0172    -2.3861
8.453    1.2791    0.0179    -2.4911
8.767    1.3114    0.0187    -2.6009
9.072    1.3428    0.0194    -2.7071
9.367    1.3734    0.0197    -2.8090
9.653    1.4029    0.0199    -2.9072
9.929    1.4308    0.0208    -2.9988
10.195    1.4575    0.0218    -3.0761
10.450    1.4826    0.0231    -3.1504
10.695    1.5055    0.0254    -3.2203
10.929    1.5273    0.0277    -3.2772
11.151    1.5474    0.0301    -3.3314
11.362    1.5664    0.0324    -3.3829
11.561    1.5834    0.0347    -3.4314
11.749    1.5995    0.0368    -3.4771
11.924    1.6145    0.0389    -3.5198
12.087    1.6283    0.0410    -3.5596
12.238    1.6405    0.0430    -3.5963
12.376    1.6515    0.0451    -3.6299
12.501    1.6615    0.0470    -3.6532
12.614    1.6701    0.0488    -3.6738
12.713    1.6775    0.0505    -3.6921
12.800    1.6841    0.0520    -3.7080
12.873    1.6895    0.0532    -3.7214
12.933    1.6940    0.0543    -3.7325
12.980    1.6975    0.0551    -3.7410
13.013    1.7000    0.0557    -3.7472
13.033    1.7015    0.0561    -3.7509
13.040    1.7020    0.0562    -3.7521
13.056    1.7026    0.0570    -3.7551
13.106    1.7042    0.0593    -3.7642
13.188    1.7069    0.0632    -3.7792
13.302    1.7107    0.0686    -3.8003
13.450    1.7153    0.0762    -3.8162
13.629    1.7194    0.0877    -3.8310
13.841    1.7236    0.1017    -3.8485
14.085    1.7262    0.1184    -3.8686
14.361    1.7336    0.1346    -3.8913
14.668    1.7433    0.1517    -3.9217
15.007    1.7570    0.1689    -3.9560
15.376    1.7761    0.1822    -3.9933
15.775    1.7951    0.1972    -4.0326
16.205    1.8144    0.2122    -4.0746
16.664    1.8343    0.2287    -4.1195
17.153    1.8550    0.2471    -4.1673
17.670    1.8750    0.2656    -4.2408
18.215    1.8918    0.2855    -4.3131
18.787    1.9043    0.3080    -4.2490
19.387    1.9147    0.3318    -3.6830
20.013    1.9316    0.3550    -3.0921
20.664    1.9511    0.3810    -2.7004
21.341    1.9656    0.4104    -2.3038
22.042    1.9800    0.4411    -1.4684
22.766    1.9938    0.4727    -1.0000
23.513    2.0058    0.5085    -1.0000
24.283    2.0167    0.5467    -1.0000
25.073    2.0242    0.5855    -1.0000
25.884    2.0299    0.6267    -1.0000
26.715    2.0344    0.6705    -1.0000
27.565    2.0379    0.7158    -1.0000
28.432    2.0480    0.7639    -1.0000
29.317    2.0552    0.8097    -1.0000
30.217    2.0594    0.8533    -1.0000
31.133    2.0585    0.8955    -1.0000
32.063    2.0591    0.9387    -1.0000
33.006    2.0574    0.9815    -1.0000
33.962    2.0519    1.0245    -1.0000
34.929    2.0429    1.0677    -1.0000
35.906    2.0317    1.1107    -1.0000
36.893    2.0184    1.1535    -1.0000
37.888    2.0028    1.1959    -1.0000
38.891    1.9852    1.2376    -1.0000
39.899    1.9655    1.2788    -1.0000
40.913    1.9437    1.3198    -1.0000
41.931    1.9200    1.3599    -1.0000
42.952    1.8945    1.3991    -1.0000
43.976    1.8673    1.4371    -1.0000
45.000    1.8385    1.4738    -1.0000
50.000    1.6771    1.6319    -1.0000
60.000    1.2575    1.8212    -1.0000
70.000    0.7758    1.8011    -1.0000
80.000    0.3223    1.5607    -1.0000
90.000    0.0002    1.2610    -1.0000
100.000    -0.1583    1.2425    -1.0000
110.000    -0.3130    1.1521    -1.0000
120.000    -0.4504    1.0018    -1.0000
130.000    -0.5621    0.8123    -1.0000
140.000    -0.6503    0.6073    -1.0000
150.000    -0.6990    0.4131    -1.0000
160.000    -0.4688    0.2538    -1.0000
170.000    -0.2347    0.1491    -1.0000
180.000    0.0000    0.1129    -1.0000
EOT 1
