AeroDyn airfoil file.  Compatible with AeroDyn v13.0.
This file was generated automatically by HARP_Opt.
This data represents a 22.5 percent thick airfoil, and was interpolated between the airfoil data in the files FFA_0240.dat and FFA_0210.dat.
  1           Number of airfoil tables in this file
 1.615         Table ID parameter (Reynolds number in millions)
13.040         Stall angle (deg)
  0           Zero lift angle of attack (deg)
  0           Cn slope for zero lift (dimensionless)
  0           Cn at stall value for positive angle of attack
  0           Cn at stall value for negative angle of attack
  0           Angle of attack for minimum CD (deg)
  0           Minimum CD value
-180.000    0.0000    0.1129    -1.0000
-170.000    0.2347    0.1488    -1.0000
-160.000    0.4688    0.2533    -1.0000
-150.000    0.7009    0.4129    -1.0000
-140.000    0.6506    0.6072    -1.0000
-130.000    0.5620    0.8123    -1.0000
-120.000    0.4507    1.0022    -1.0000
-110.000    0.3132    1.1519    -1.0000
-100.000    0.1580    1.2424    -1.0000
-90.000    0.0000    1.2610    -1.0000
-80.000    -0.1580    1.2424    -1.0000
-70.000    -0.3132    1.1519    -1.0000
-60.000    -0.4507    1.0022    -1.0000
-50.000    -0.5620    0.8123    -1.0000
-40.000    -0.6506    0.6072    -1.0000
-30.000    -0.7027    0.4241    -1.0000
-20.000    -0.4881    0.2618    -0.7230
-10.000    -0.5537    0.1854    -4.3499
-3.490    -0.1049    0.0081    -1.1459
-2.280    0.0463    0.0102    -0.9302
-1.050    0.1871    0.0105    -0.9215
0.000    0.3101    0.0111    -0.9976
0.418    0.3595    0.0113    -1.0409
0.835    0.4088    0.0113    -1.0876
1.252    0.4573    0.0114    -1.1362
1.668    0.5053    0.0117    -1.1918
2.081    0.5532    0.0118    -1.2471
2.493    0.6017    0.0120    -1.3025
2.902    0.6499    0.0122    -1.3584
3.308    0.6977    0.0126    -1.4138
3.710    0.7450    0.0130    -1.4694
4.109    0.7898    0.0134    -1.5247
4.504    0.8352    0.0137    -1.5804
4.893    0.8821    0.0139    -1.6403
5.278    0.9260    0.0140    -1.7018
5.658    0.9691    0.0143    -1.7655
6.031    1.0111    0.0147    -1.8382
6.399    1.0545    0.0151    -1.9189
6.760    1.0953    0.0156    -2.0019
7.114    1.1322    0.0160    -2.0929
7.460    1.1701    0.0163    -2.1829
7.799    1.2068    0.0166    -2.2787
8.130    1.2420    0.0171    -2.3861
8.453    1.2756    0.0178    -2.4911
8.767    1.3070    0.0186    -2.6009
9.072    1.3375    0.0192    -2.7071
9.367    1.3672    0.0194    -2.8090
9.653    1.3959    0.0196    -2.9072
9.929    1.4229    0.0203    -2.9988
10.195    1.4486    0.0213    -3.0761
10.450    1.4727    0.0225    -3.1504
10.695    1.4944    0.0246    -3.2203
10.929    1.5149    0.0268    -3.2772
11.151    1.5338    0.0290    -3.3314
11.362    1.5515    0.0312    -3.3829
11.561    1.5672    0.0334    -3.4314
11.749    1.5820    0.0353    -3.4771
11.924    1.5958    0.0372    -3.5198
12.087    1.6085    0.0392    -3.5596
12.238    1.6195    0.0410    -3.5963
12.376    1.6294    0.0429    -3.6299
12.501    1.6384    0.0447    -3.6532
12.614    1.6461    0.0464    -3.6738
12.713    1.6526    0.0480    -3.6921
12.800    1.6583    0.0493    -3.7080
12.873    1.6631    0.0504    -3.7214
12.933    1.6670    0.0514    -3.7325
12.980    1.6701    0.0521    -3.7410
13.013    1.6723    0.0527    -3.7472
13.033    1.6736    0.0531    -3.7509
13.040    1.6741    0.0532    -3.7521
13.056    1.6743    0.0539    -3.7551
13.106    1.6751    0.0561    -3.7642
13.188    1.6763    0.0598    -3.7792
13.302    1.6779    0.0649    -3.8003
13.450    1.6797    0.0721    -3.8162
13.629    1.6802    0.0831    -3.8310
13.841    1.6799    0.0963    -3.8485
14.085    1.6769    0.1122    -3.8686
14.361    1.6788    0.1273    -3.8913
14.668    1.6829    0.1434    -3.9217
15.007    1.6909    0.1594    -3.9560
15.376    1.7064    0.1718    -3.9933
15.775    1.7214    0.1856    -4.0326
16.205    1.7363    0.1993    -4.0746
16.664    1.7517    0.2144    -4.1195
17.153    1.7679    0.2312    -4.1673
17.670    1.7830    0.2480    -4.2408
18.215    1.7944    0.2659    -4.3131
18.787    1.8007    0.2861    -4.2490
19.387    1.8046    0.3073    -3.6830
20.013    1.8163    0.3280    -3.0921
20.664    1.8312    0.3515    -2.7004
21.341    1.8405    0.3780    -2.3038
22.042    1.8500    0.4058    -1.4684
22.766    1.8591    0.4343    -1.0000
23.513    1.8666    0.4668    -1.0000
24.283    1.8731    0.5016    -1.0000
25.073    1.8763    0.5368    -1.0000
25.884    1.8779    0.5743    -1.0000
26.715    1.8788    0.6143    -1.0000
27.565    1.8789    0.6557    -1.0000
28.432    1.8869    0.7002    -1.0000
29.317    1.8921    0.7422    -1.0000
30.217    1.8945    0.7821    -1.0000
31.133    1.8919    0.8203    -1.0000
32.063    1.8913    0.8597    -1.0000
33.006    1.8888    0.8987    -1.0000
33.962    1.8827    0.9378    -1.0000
34.929    1.8732    0.9771    -1.0000
35.906    1.8619    1.0164    -1.0000
36.893    1.8488    1.0554    -1.0000
37.888    1.8338    1.0941    -1.0000
38.891    1.8170    1.1324    -1.0000
39.899    1.7985    1.1701    -1.0000
40.913    1.7782    1.2079    -1.0000
41.931    1.7563    1.2450    -1.0000
42.952    1.7329    1.2813    -1.0000
43.976    1.7080    1.3165    -1.0000
45.000    1.6818    1.3507    -1.0000
50.000    1.5363    1.4999    -1.0000
60.000    1.1586    1.6892    -1.0000
70.000    0.7229    1.6965    -1.0000
80.000    0.3067    1.5094    -1.0000
90.000    0.0002    1.2610    -1.0000
100.000    -0.1583    1.2425    -1.0000
110.000    -0.3130    1.1521    -1.0000
120.000    -0.4504    1.0018    -1.0000
130.000    -0.5621    0.8123    -1.0000
140.000    -0.6503    0.6073    -1.0000
150.000    -0.6990    0.4131    -1.0000
160.000    -0.4688    0.2538    -1.0000
170.000    -0.2347    0.1491    -1.0000
180.000    0.0000    0.1129    -1.0000
EOT 1
