AeroDyn airfoil file.  Compatible with AeroDyn v13.0.
This file was generated automatically by HARP_Opt.
This data represents a 22.2 percent thick airfoil, and was interpolated between the airfoil data in the files FFA_0240.dat and FFA_0210.dat.
  1           Number of airfoil tables in this file
 1.648         Table ID parameter (Reynolds number in millions)
12.566         Stall angle (deg)
  0           Zero lift angle of attack (deg)
  0           Cn slope for zero lift (dimensionless)
  0           Cn at stall value for positive angle of attack
  0           Cn at stall value for negative angle of attack
  0           Angle of attack for minimum CD (deg)
  0           Minimum CD value
-180.000    0.0000    0.1309    -1.0000
-170.000    0.2469    0.1666    -1.0000
-160.000    0.4932    0.2708    -1.0000
-150.000    0.7372    0.4299    -1.0000
-140.000    0.6693    0.6234    -1.0000
-130.000    0.5738    0.8272    -1.0000
-120.000    0.4578    1.0156    -1.0000
-110.000    0.3167    1.1631    -1.0000
-100.000    0.1592    1.2511    -1.0000
-90.000    0.0000    1.2668    -1.0000
-80.000    -0.1592    1.2511    -1.0000
-70.000    -0.3167    1.1631    -1.0000
-60.000    -0.4578    1.0156    -1.0000
-50.000    -0.5738    0.8272    -1.0000
-40.000    -0.6693    0.6234    -1.0000
-30.000    -0.7386    0.4389    -1.0000
-20.000    -0.5137    0.2692    -0.7230
-10.000    -0.3030    0.1052    -4.3499
-3.490    -0.1087    0.0079    -1.1439
-2.280    0.0493    0.0084    -0.9103
-1.050    0.1903    0.0092    -0.9002
0.000    0.3156    0.0097    -0.9786
0.403    0.3641    0.0098    -1.0188
0.805    0.4127    0.0098    -1.0620
1.207    0.4601    0.0099    -1.1060
1.607    0.5067    0.0101    -1.1568
2.006    0.5533    0.0103    -1.2075
2.402    0.6009    0.0104    -1.2583
2.796    0.6482    0.0105    -1.3117
3.187    0.6950    0.0109    -1.3647
3.575    0.7414    0.0112    -1.4179
3.960    0.7841    0.0117    -1.4717
4.340    0.8280    0.0120    -1.5249
4.716    0.8741    0.0121    -1.5828
5.087    0.9163    0.0122    -1.6418
5.452    0.9576    0.0124    -1.7037
5.812    0.9980    0.0128    -1.7651
6.166    1.0406    0.0131    -1.8443
6.514    1.0794    0.0135    -1.9237
6.855    1.1129    0.0140    -2.0092
7.189    1.1481    0.0141    -2.0988
7.516    1.1819    0.0143    -2.1875
7.835    1.2140    0.0147    -2.2829
8.146    1.2443    0.0151    -2.3889
8.448    1.2718    0.0155    -2.4923
8.742    1.2986    0.0158    -2.6018
9.027    1.3246    0.0158    -2.7077
9.302    1.3496    0.0157    -2.8094
9.568    1.3726    0.0160    -2.9071
9.824    1.3944    0.0165    -3.0011
10.071    1.4140    0.0170    -3.0828
10.306    1.4305    0.0184    -3.1592
10.531    1.4460    0.0196    -3.2322
10.746    1.4593    0.0209    -3.2985
10.949    1.4715    0.0222    -3.3558
11.141    1.4811    0.0233    -3.4100
11.322    1.4901    0.0244    -3.4609
11.491    1.4985    0.0254    -3.5086
11.648    1.5058    0.0264    -3.5529
11.793    1.5113    0.0273    -3.5939
11.926    1.5160    0.0282    -3.6314
12.047    1.5203    0.0292    -3.6655
12.155    1.5231    0.0300    -3.6961
12.251    1.5252    0.0308    -3.7231
12.334    1.5270    0.0315    -3.7466
12.405    1.5285    0.0320    -3.7648
12.463    1.5298    0.0325    -3.7771
12.508    1.5308    0.0329    -3.7867
12.540    1.5315    0.0332    -3.7935
12.560    1.5319    0.0333    -3.7977
12.566    1.5320    0.0334    -3.7990
12.583    1.5310    0.0339    -3.8026
12.633    1.5280    0.0353    -3.8132
12.716    1.5228    0.0377    -3.8309
12.832    1.5157    0.0411    -3.8556
12.982    1.5056    0.0460    -3.8873
13.164    1.4895    0.0542    -3.9261
13.379    1.4683    0.0641    -3.9671
13.627    1.4378    0.0758    -3.9898
13.907    1.4159    0.0860    -4.0155
14.218    1.3957    0.0961    -4.0442
14.562    1.3792    0.1059    -4.0777
14.936    1.3768    0.1138    -4.1167
15.342    1.3712    0.1219    -4.1588
15.778    1.3641    0.1292    -4.2026
16.244    1.3568    0.1373    -4.2490
16.740    1.3499    0.1463    -4.2984
17.264    1.3400    0.1552    -4.3564
17.817    1.3232    0.1627    -4.4414
18.399    1.2991    0.1710    -4.5241
19.007    1.2721    0.1787    -4.1643
19.642    1.2568    0.1871    -3.4382
20.303    1.2510    0.1992    -2.7954
20.990    1.2380    0.2127    -2.3055
21.701    1.2253    0.2263    -1.7119
22.436    1.2154    0.2408    -1.0000
23.195    1.2037    0.2585    -1.0000
23.975    1.1914    0.2774    -1.0000
24.778    1.1774    0.2963    -1.0000
25.601    1.1638    0.3175    -1.0000
26.444    1.1515    0.3410    -1.0000
27.306    1.1390    0.3656    -1.0000
28.186    1.1347    0.3939    -1.0000
29.084    1.1344    0.4222    -1.0000
29.998    1.1334    0.4463    -1.0000
30.927    1.1206    0.4655    -1.0000
31.871    1.1117    0.4860    -1.0000
32.829    1.1025    0.5065    -1.0000
33.798    1.0919    0.5270    -1.0000
34.780    1.0787    0.5475    -1.0000
35.772    1.0652    0.5684    -1.0000
36.773    1.0516    0.5893    -1.0000
37.783    1.0377    0.6103    -1.0000
38.800    1.0235    0.6316    -1.0000
39.824    1.0092    0.6529    -1.0000
40.852    0.9949    0.6749    -1.0000
41.886    0.9806    0.6971    -1.0000
42.922    0.9661    0.7193    -1.0000
43.960    0.9515    0.7416    -1.0000
45.000    0.9368    0.7638    -1.0000
50.000    0.8638    0.8684    -1.0000
60.000    0.6846    1.0566    -1.0000
70.000    0.4689    1.1958    -1.0000
80.000    0.2325    1.2672    -1.0000
90.000    0.0002    1.2668    -1.0000
100.000    -0.1596    1.2512    -1.0000
110.000    -0.3165    1.1634    -1.0000
120.000    -0.4574    1.0151    -1.0000
130.000    -0.5739    0.8272    -1.0000
140.000    -0.6690    0.6235    -1.0000
150.000    -0.7348    0.4302    -1.0000
160.000    -0.4933    0.2714    -1.0000
170.000    -0.2469    0.1670    -1.0000
180.000    0.0000    0.1309    -1.0000
EOT 1
