AeroDyn airfoil file.  Compatible with AeroDyn v13.0.
This file was generated automatically by HARP_Opt.
This data represents a 22.5 percent thick airfoil, and was interpolated between the airfoil data in the files FFA_0240.dat and FFA_0210.dat.
  1           Number of airfoil tables in this file
 1.615         Table ID parameter (Reynolds number in millions)
13.040         Stall angle (deg)
  0           Zero lift angle of attack (deg)
  0           Cn slope for zero lift (dimensionless)
  0           Cn at stall value for positive angle of attack
  0           Cn at stall value for negative angle of attack
  0           Angle of attack for minimum CD (deg)
  0           Minimum CD value
-180.000    0.0000    0.1129    -1.0000
-170.000    0.2347    0.1488    -1.0000
-160.000    0.4688    0.2533    -1.0000
-150.000    0.7009    0.4129    -1.0000
-140.000    0.6506    0.6072    -1.0000
-130.000    0.5620    0.8123    -1.0000
-120.000    0.4507    1.0022    -1.0000
-110.000    0.3132    1.1519    -1.0000
-100.000    0.1580    1.2424    -1.0000
-90.000    0.0000    1.2610    -1.0000
-80.000    -0.1580    1.2424    -1.0000
-70.000    -0.3132    1.1519    -1.0000
-60.000    -0.4507    1.0022    -1.0000
-50.000    -0.5620    0.8123    -1.0000
-40.000    -0.6506    0.6072    -1.0000
-30.000    -0.7027    0.4241    -1.0000
-20.000    -0.4881    0.2618    -0.7230
-10.000    -0.4724    0.1608    -4.3499
-3.490    -0.1071    0.0085    -1.1459
-2.280    0.0468    0.0101    -0.9302
-1.050    0.1869    0.0105    -0.9215
0.000    0.3101    0.0111    -0.9976
0.418    0.3597    0.0112    -1.0409
0.835    0.4092    0.0113    -1.0876
1.252    0.4577    0.0114    -1.1362
1.668    0.5055    0.0116    -1.1918
2.081    0.5533    0.0118    -1.2471
2.493    0.6020    0.0120    -1.3025
2.902    0.6504    0.0122    -1.3584
3.308    0.6983    0.0126    -1.4138
3.710    0.7457    0.0130    -1.4694
4.109    0.7900    0.0134    -1.5247
4.504    0.8353    0.0137    -1.5804
4.893    0.8825    0.0138    -1.6403
5.278    0.9262    0.0140    -1.7018
5.658    0.9690    0.0143    -1.7655
6.031    1.0106    0.0147    -1.8382
6.399    1.0542    0.0151    -1.9189
6.760    1.0947    0.0156    -2.0019
7.114    1.1304    0.0160    -2.0929
7.460    1.1676    0.0163    -2.1829
7.799    1.2035    0.0165    -2.2787
8.130    1.2378    0.0170    -2.3861
8.453    1.2703    0.0177    -2.4911
8.767    1.3003    0.0184    -2.6009
9.072    1.3295    0.0189    -2.7071
9.367    1.3579    0.0190    -2.8090
9.653    1.3854    0.0191    -2.9072
9.929    1.4109    0.0197    -2.9988
10.195    1.4352    0.0205    -3.0761
10.450    1.4578    0.0215    -3.1504
10.695    1.4776    0.0235    -3.2203
10.929    1.4964    0.0255    -3.2772
11.151    1.5134    0.0275    -3.3314
11.362    1.5292    0.0295    -3.3829
11.561    1.5429    0.0314    -3.4314
11.749    1.5559    0.0331    -3.4771
11.924    1.5679    0.0347    -3.5198
12.087    1.5788    0.0364    -3.5596
12.238    1.5881    0.0380    -3.5963
12.376    1.5963    0.0397    -3.6299
12.501    1.6038    0.0413    -3.6532
12.614    1.6100    0.0427    -3.6738
12.713    1.6151    0.0441    -3.6921
12.800    1.6197    0.0453    -3.7080
12.873    1.6234    0.0463    -3.7214
12.933    1.6266    0.0471    -3.7325
12.980    1.6290    0.0477    -3.7410
13.013    1.6308    0.0482    -3.7472
13.033    1.6318    0.0485    -3.7509
13.040    1.6322    0.0487    -3.7521
13.056    1.6320    0.0493    -3.7551
13.106    1.6313    0.0513    -3.7642
13.188    1.6303    0.0546    -3.7792
13.302    1.6288    0.0593    -3.8003
13.450    1.6264    0.0660    -3.8162
13.629    1.6215    0.0761    -3.8310
13.841    1.6144    0.0883    -3.8485
14.085    1.6029    0.1028    -3.8686
14.361    1.5967    0.1165    -3.8913
14.668    1.5922    0.1309    -3.9217
15.007    1.5917    0.1452    -3.9560
15.376    1.6019    0.1561    -3.9933
15.775    1.6108    0.1683    -4.0326
16.205    1.6192    0.1800    -4.0746
16.664    1.6279    0.1930    -4.1195
17.153    1.6372    0.2075    -4.1673
17.670    1.6451    0.2216    -4.2408
18.215    1.6483    0.2366    -4.3131
18.787    1.6453    0.2532    -4.2490
19.387    1.6395    0.2705    -3.6830
20.013    1.6434    0.2875    -3.0921
20.664    1.6515    0.3073    -2.7004
21.341    1.6529    0.3295    -2.3038
22.042    1.6551    0.3528    -1.4684
22.766    1.6571    0.3767    -1.0000
23.513    1.6578    0.4043    -1.0000
24.283    1.6578    0.4339    -1.0000
25.073    1.6546    0.4638    -1.0000
25.884    1.6501    0.4956    -1.0000
26.715    1.6453    0.5299    -1.0000
27.565    1.6406    0.5655    -1.0000
28.432    1.6453    0.6046    -1.0000
29.317    1.6476    0.6411    -1.0000
30.217    1.6472    0.6752    -1.0000
31.133    1.6420    0.7076    -1.0000
32.063    1.6397    0.7412    -1.0000
33.006    1.6359    0.7745    -1.0000
33.962    1.6288    0.8078    -1.0000
34.929    1.6187    0.8413    -1.0000
35.906    1.6073    0.8748    -1.0000
36.893    1.5945    0.9083    -1.0000
37.888    1.5803    0.9416    -1.0000
38.891    1.5649    0.9745    -1.0000
39.899    1.5482    1.0072    -1.0000
40.913    1.5301    1.0401    -1.0000
41.931    1.5109    1.0725    -1.0000
42.952    1.4906    1.1045    -1.0000
43.976    1.4692    1.1356    -1.0000
45.000    1.4469    1.1661    -1.0000
50.000    1.3251    1.3018    -1.0000
60.000    1.0103    1.4913    -1.0000
70.000    0.6435    1.5396    -1.0000
80.000    0.2835    1.4325    -1.0000
90.000    0.0002    1.2610    -1.0000
100.000    -0.1583    1.2425    -1.0000
110.000    -0.3130    1.1521    -1.0000
120.000    -0.4504    1.0018    -1.0000
130.000    -0.5621    0.8123    -1.0000
140.000    -0.6503    0.6073    -1.0000
150.000    -0.6990    0.4131    -1.0000
160.000    -0.4688    0.2538    -1.0000
170.000    -0.2347    0.1491    -1.0000
180.000    0.0000    0.1129    -1.0000
EOT 1
