AeroDyn airfoil file.  Compatible with AeroDyn v13.0.
This file was generated automatically by HARP_Opt.
This data represents a 24.5 percent thick airfoil, and was interpolated between the airfoil data in the files FFA_0300.dat and FFA_0240.dat.
  1           Number of airfoil tables in this file
 1.452         Table ID parameter (Reynolds number in millions)
14.931         Stall angle (deg)
  0           Zero lift angle of attack (deg)
  0           Cn slope for zero lift (dimensionless)
  0           Cn at stall value for positive angle of attack
  0           Cn at stall value for negative angle of attack
  0           Angle of attack for minimum CD (deg)
  0           Minimum CD value
-180.000    0.0000    0.0217    -1.0000
-170.000    0.1718    0.0555    -1.0000
-160.000    0.3436    0.1599    -1.0000
-150.000    0.5153    0.3229    -1.0000
-140.000    0.5547    0.5226    -1.0000
-130.000    0.5018    0.7349    -1.0000
-120.000    0.4150    0.9340    -1.0000
-110.000    0.2954    1.0956    -1.0000
-100.000    0.1521    1.2000    -1.0000
-90.000    0.0000    1.2343    -1.0000
-80.000    -0.1521    1.2000    -1.0000
-70.000    -0.2954    1.0956    -1.0000
-60.000    -0.4150    0.9340    -1.0000
-50.000    -0.5018    0.7349    -1.0000
-40.000    -0.5547    0.5226    -1.0000
-30.000    -0.5198    0.3468    -1.0000
-20.000    -0.3603    0.2227    -0.7586
-10.000    -0.5746    0.2116    -4.2406
-4.179    -0.1781    0.0325    -1.4742
-2.720    -0.0357    0.0189    -1.0799
-0.854    0.1713    0.0188    -1.0352
0.000    0.2668    0.0193    -1.1149
0.479    0.3210    0.0196    -1.1595
0.957    0.3751    0.0197    -1.2281
1.434    0.4280    0.0197    -1.2995
1.909    0.4801    0.0200    -1.3731
2.383    0.5325    0.0202    -1.4503
2.854    0.5862    0.0204    -1.5178
3.323    0.6401    0.0206    -1.5831
3.787    0.6932    0.0212    -1.6470
4.248    0.7455    0.0217    -1.7088
4.705    0.7936    0.0223    -1.7681
5.157    0.8436    0.0228    -1.8328
5.603    0.8967    0.0230    -1.8977
6.044    0.9448    0.0234    -1.9684
6.478    0.9915    0.0239    -2.0436
6.906    1.0369    0.0246    -2.1252
7.327    1.0852    0.0252    -2.2106
7.740    1.1300    0.0259    -2.3025
8.146    1.1690    0.0269    -2.3975
8.542    1.2107    0.0274    -2.4896
8.931    1.2509    0.0280    -2.5794
9.310    1.2888    0.0293    -2.6631
9.679    1.3245    0.0309    -2.7426
10.038    1.3569    0.0326    -2.7755
10.387    1.3892    0.0338    -2.8074
10.726    1.4216    0.0338    -2.8383
11.053    1.4522    0.0341    -2.8682
11.369    1.4805    0.0356    -2.8891
11.674    1.5072    0.0380    -2.8991
11.966    1.5326    0.0404    -2.9087
12.246    1.5553    0.0447    -2.9179
12.514    1.5768    0.0491    -2.9266
12.768    1.5972    0.0534    -2.9350
13.010    1.6164    0.0575    -2.9429
13.238    1.6340    0.0612    -2.9523
13.453    1.6506    0.0648    -2.9614
13.653    1.6661    0.0683    -2.9700
13.840    1.6805    0.0715    -2.9780
14.013    1.6935    0.0748    -2.9854
14.171    1.7051    0.0783    -2.9921
14.314    1.7156    0.0814    -2.9982
14.443    1.7250    0.0842    -3.0037
14.557    1.7334    0.0868    -3.0086
14.656    1.7407    0.0891    -3.0130
14.740    1.7468    0.0910    -3.0200
14.809    1.7519    0.0926    -3.0257
14.862    1.7558    0.0938    -3.0302
14.901    1.7586    0.0947    -3.0334
14.924    1.7603    0.0952    -3.0353
14.931    1.7608    0.0954    -3.0359
14.947    1.7609    0.0965    -3.0372
14.993    1.7609    0.0999    -3.0411
15.070    1.7605    0.1054    -3.0475
15.178    1.7598    0.1131    -3.0565
15.317    1.7588    0.1231    -3.0680
15.486    1.7574    0.1353    -3.0821
15.685    1.7553    0.1499    -3.0987
15.915    1.7527    0.1669    -3.1178
16.174    1.7492    0.1863    -3.1394
16.463    1.7452    0.2077    -3.1625
16.782    1.7449    0.2289    -3.1860
17.129    1.7605    0.2427    -3.2117
17.505    1.7767    0.2571    -3.2394
17.909    1.7927    0.2710    -3.2693
18.341    1.8098    0.2857    -3.2995
18.801    1.8278    0.3028    -3.3209
19.287    1.8460    0.3212    -3.3436
19.800    1.8611    0.3414    -3.3675
20.339    1.8690    0.3641    -3.2817
20.903    1.8758    0.3884    -2.8564
21.491    1.8872    0.4113    -2.4124
22.104    1.8984    0.4348    -1.9795
22.741    1.9004    0.4594    -1.6203
23.400    1.9006    0.4852    -1.2482
24.082    1.9010    0.5134    -1.0000
24.785    1.9029    0.5444    -1.0000
25.509    1.9029    0.5766    -1.0000
26.252    1.8925    0.6083    -1.0000
27.016    1.8776    0.6408    -1.0000
27.797    1.8701    0.6746    -1.0000
28.596    1.8719    0.7089    -1.0000
29.413    1.8681    0.7429    -1.0000
30.245    1.8601    0.7750    -1.0000
31.092    1.8524    0.8078    -1.0000
31.954    1.8573    0.8472    -1.0000
32.829    1.8616    0.8851    -1.0000
33.716    1.8618    0.9228    -1.0000
34.615    1.8557    0.9616    -1.0000
35.525    1.8492    1.0001    -1.0000
36.445    1.8412    1.0385    -1.0000
37.373    1.8320    1.0765    -1.0000
38.309    1.8211    1.1141    -1.0000
39.252    1.8087    1.1513    -1.0000
40.201    1.7943    1.1880    -1.0000
41.155    1.7768    1.2253    -1.0000
42.113    1.7578    1.2618    -1.0000
43.073    1.7373    1.2975    -1.0000
44.036    1.7156    1.3321    -1.0000
45.000    1.6925    1.3657    -1.0000
50.000    1.5552    1.5210    -1.0000
60.000    1.1784    1.7154    -1.0000
70.000    0.7346    1.7135    -1.0000
80.000    0.3089    1.5028    -1.0000
90.000    0.0000    1.2343    -1.0000
100.000    -0.1521    1.2000    -1.0000
110.000    -0.2954    1.0956    -1.0000
120.000    -0.4150    0.9340    -1.0000
130.000    -0.5018    0.7349    -1.0000
140.000    -0.5547    0.5226    -1.0000
150.000    -0.5153    0.3229    -1.0000
160.000    -0.3436    0.1599    -1.0000
170.000    -0.1718    0.0555    -1.0000
180.000    0.0000    0.0217    -1.0000
EOT 1
