AeroDyn airfoil file.  Compatible with AeroDyn v13.0.
This file was generated automatically by HARP_Opt.
This data represents a 21.2 percent thick airfoil, and was interpolated between the airfoil data in the files FFA_0240.dat and FFA_0210.dat.
  1           Number of airfoil tables in this file
 1.758         Table ID parameter (Reynolds number in millions)
10.986         Stall angle (deg)
  0           Zero lift angle of attack (deg)
  0           Cn slope for zero lift (dimensionless)
  0           Cn at stall value for positive angle of attack
  0           Cn at stall value for negative angle of attack
  0           Angle of attack for minimum CD (deg)
  0           Minimum CD value
-180.000    0.0000    0.1910    -1.0000
-170.000    0.2878    0.2261    -1.0000
-160.000    0.5747    0.3293    -1.0000
-150.000    0.8579    0.4867    -1.0000
-140.000    0.7316    0.6772    -1.0000
-130.000    0.6131    0.8770    -1.0000
-120.000    0.4813    1.0601    -1.0000
-110.000    0.3286    1.2005    -1.0000
-100.000    0.1632    1.2802    -1.0000
-90.000    0.0000    1.2861    -1.0000
-80.000    -0.1632    1.2802    -1.0000
-70.000    -0.3286    1.2005    -1.0000
-60.000    -0.4813    1.0601    -1.0000
-50.000    -0.6131    0.8770    -1.0000
-40.000    -0.7316    0.6772    -1.0000
-30.000    -0.8581    0.4881    -1.0000
-20.000    -0.5989    0.2940    -0.7230
-10.000    -0.4440    0.1336    -4.3499
-3.490    -0.0971    0.0028    -1.1375
-2.280    0.0536    0.0034    -0.8441
-1.050    0.2035    0.0045    -0.8293
0.000    0.3336    0.0052    -0.9150
0.352    0.3774    0.0052    -0.9464
0.704    0.4211    0.0052    -0.9787
1.055    0.4646    0.0052    -1.0109
1.405    0.5076    0.0053    -1.0461
1.753    0.5503    0.0053    -1.0826
2.100    0.5929    0.0053    -1.1189
2.445    0.6353    0.0053    -1.1578
2.787    0.6772    0.0056    -1.2028
3.126    0.7188    0.0059    -1.2475
3.462    0.7595    0.0062    -1.2922
3.794    0.7996    0.0063    -1.3400
4.123    0.8394    0.0064    -1.3873
4.447    0.8783    0.0064    -1.4342
4.767    0.9171    0.0065    -1.4910
5.081    0.9555    0.0066    -1.5469
5.391    0.9934    0.0067    -1.6021
5.695    1.0301    0.0070    -1.6564
5.993    1.0653    0.0074    -1.7216
6.285    1.0996    0.0075    -1.7965
6.571    1.1329    0.0076    -1.8699
6.850    1.1654    0.0077    -1.9504
7.121    1.1969    0.0079    -2.0330
7.386    1.2273    0.0081    -2.1134
7.643    1.2568    0.0084    -2.1909
7.892    1.2849    0.0086    -2.2812
8.133    1.3117    0.0088    -2.3766
8.365    1.3373    0.0090    -2.4686
8.589    1.3619    0.0094    -2.5651
8.804    1.3843    0.0097    -2.6616
9.010    1.4043    0.0104    -2.7540
9.207    1.4235    0.0110    -2.8424
9.395    1.4402    0.0117    -2.9263
9.572    1.4556    0.0124    -3.0056
9.740    1.4685    0.0132    -3.0806
9.898    1.4805    0.0140    -3.1507
10.046    1.4918    0.0147    -3.2150
10.183    1.5016    0.0154    -3.2748
10.310    1.5094    0.0160    -3.3301
10.426    1.5165    0.0167    -3.3807
10.532    1.5230    0.0173    -3.4267
10.627    1.5277    0.0179    -3.4679
10.711    1.5313    0.0185    -3.5034
10.783    1.5344    0.0190    -3.5333
10.845    1.5371    0.0194    -3.5586
10.896    1.5394    0.0198    -3.5794
10.935    1.5410    0.0201    -3.5956
10.963    1.5423    0.0203    -3.6071
10.980    1.5430    0.0204    -3.6141
10.986    1.5433    0.0205    -3.6164
11.003    1.5434    0.0208    -3.6236
11.056    1.5437    0.0218    -3.6451
11.143    1.5444    0.0234    -3.6809
11.265    1.5452    0.0258    -3.7309
11.422    1.5449    0.0300    -3.7952
11.613    1.5397    0.0391    -3.8737
11.839    1.5303    0.0501    -3.9661
12.098    1.5114    0.0634    -4.0726
12.392    1.5070    0.0735    -4.1916
12.719    1.5078    0.0830    -4.2926
13.079    1.5111    0.0924    -4.4038
13.472    1.5159    0.1027    -4.5007
13.897    1.5173    0.1135    -4.5532
14.354    1.5190    0.1238    -4.6097
14.843    1.5212    0.1349    -4.6655
15.363    1.5224    0.1461    -4.7242
15.913    1.5195    0.1573    -4.7828
16.493    1.5105    0.1682    -4.8441
17.103    1.4992    0.1800    -4.9085
17.741    1.4827    0.1889    -5.0251
18.407    1.4747    0.1997    -5.1519
19.100    1.4808    0.2176    -4.4048
19.820    1.4878    0.2405    -3.1039
20.566    1.4939    0.2619    -2.1079
21.337    1.4995    0.2816    -1.2303
22.132    1.5054    0.3101    -1.0475
22.951    1.5117    0.3401    -1.0000
23.793    1.5180    0.3688    -1.0000
24.656    1.5246    0.4017    -1.0000
25.540    1.5319    0.4386    -1.0000
26.444    1.5377    0.4774    -1.0000
27.367    1.5421    0.5179    -1.0000
28.309    1.5549    0.5669    -1.0000
29.267    1.5685    0.6079    -1.0000
30.242    1.5730    0.6403    -1.0000
31.232    1.5591    0.6685    -1.0000
32.236    1.5451    0.6973    -1.0000
33.253    1.5300    0.7263    -1.0000
34.282    1.5135    0.7554    -1.0000
35.322    1.4957    0.7847    -1.0000
36.372    1.4769    0.8140    -1.0000
37.431    1.4570    0.8432    -1.0000
38.498    1.4360    0.8724    -1.0000
39.571    1.4141    0.9013    -1.0000
40.650    1.3924    0.9305    -1.0000
41.734    1.3707    0.9597    -1.0000
42.821    1.3482    0.9885    -1.0000
43.910    1.3250    1.0169    -1.0000
45.000    1.3011    1.0448    -1.0000
50.000    1.1836    1.1654    -1.0000
60.000    0.9040    1.3490    -1.0000
70.000    0.5855    1.4300    -1.0000
80.000    0.2676    1.3928    -1.0000
90.000    0.0004    1.2861    -1.0000
100.000    -0.1638    1.2804    -1.0000
110.000    -0.3282    1.2011    -1.0000
120.000    -0.4807    1.0593    -1.0000
130.000    -0.6133    0.8770    -1.0000
140.000    -0.7310    0.6773    -1.0000
150.000    -0.8542    0.4870    -1.0000
160.000    -0.5748    0.3302    -1.0000
170.000    -0.2878    0.2267    -1.0000
180.000    0.0000    0.1910    -1.0000
EOT 1
