AeroDyn airfoil file.  Compatible with AeroDyn v13.0.
This file was generated automatically by HARP_Opt.
This data represents a 23.1 percent thick airfoil, and was interpolated between the airfoil data in the files FFA_0240.dat and FFA_0210.dat.
  1           Number of airfoil tables in this file
 1.549         Table ID parameter (Reynolds number in millions)
13.988         Stall angle (deg)
  0           Zero lift angle of attack (deg)
  0           Cn slope for zero lift (dimensionless)
  0           Cn at stall value for positive angle of attack
  0           Cn at stall value for negative angle of attack
  0           Angle of attack for minimum CD (deg)
  0           Minimum CD value
-180.000    0.0000    0.0769    -1.0000
-170.000    0.2101    0.1131    -1.0000
-160.000    0.4199    0.2182    -1.0000
-150.000    0.6285    0.3789    -1.0000
-140.000    0.6133    0.5750    -1.0000
-130.000    0.5384    0.7824    -1.0000
-120.000    0.4366    0.9755    -1.0000
-110.000    0.3060    1.1294    -1.0000
-100.000    0.1555    1.2250    -1.0000
-90.000    0.0000    1.2494    -1.0000
-80.000    -0.1555    1.2250    -1.0000
-70.000    -0.3060    1.1294    -1.0000
-60.000    -0.4366    0.9755    -1.0000
-50.000    -0.5384    0.7824    -1.0000
-40.000    -0.6133    0.5750    -1.0000
-30.000    -0.6310    0.3945    -1.0000
-20.000    -0.4369    0.2469    -0.7230
-10.000    -0.5850    0.2034    -4.3499
-3.490    -0.1077    0.0104    -1.1497
-2.280    0.0420    0.0135    -0.9698
-1.050    0.1792    0.0132    -0.9641
0.000    0.2993    0.0138    -1.0357
0.448    0.3510    0.0140    -1.0853
0.896    0.4027    0.0141    -1.1396
1.343    0.4535    0.0143    -1.1986
1.789    0.5036    0.0145    -1.2641
2.232    0.5538    0.0149    -1.3294
2.674    0.6048    0.0151    -1.3916
3.113    0.6555    0.0153    -1.4525
3.548    0.7057    0.0158    -1.5126
3.980    0.7555    0.0163    -1.5715
4.408    0.8022    0.0169    -1.6298
4.831    0.8499    0.0173    -1.6899
5.249    0.8995    0.0175    -1.7523
5.662    0.9455    0.0177    -1.8196
6.069    0.9906    0.0180    -1.8951
6.470    1.0344    0.0186    -1.9762
6.864    1.0801    0.0192    -2.0628
7.251    1.1231    0.0197    -2.1540
7.631    1.1615    0.0205    -2.2486
8.003    1.2016    0.0208    -2.3537
8.366    1.2403    0.0212    -2.4598
8.721    1.2772    0.0220    -2.5668
9.067    1.3125    0.0231    -2.6714
9.404    1.3451    0.0242    -2.7714
9.731    1.3768    0.0253    -2.8681
10.048    1.4080    0.0255    -2.9491
10.355    1.4381    0.0258    -3.0178
10.651    1.4664    0.0269    -3.0842
10.936    1.4932    0.0284    -3.1328
11.210    1.5187    0.0301    -3.1785
11.473    1.5416    0.0332    -3.2223
11.723    1.5634    0.0365    -3.2642
11.962    1.5837    0.0397    -3.3040
12.188    1.6028    0.0428    -3.3418
12.402    1.6201    0.0457    -3.3766
12.603    1.6363    0.0486    -3.4019
12.791    1.6515    0.0512    -3.4255
12.966    1.6655    0.0538    -3.4475
13.127    1.6781    0.0564    -3.4678
13.275    1.6893    0.0592    -3.4865
13.410    1.6996    0.0616    -3.4990
13.531    1.7085    0.0640    -3.5067
13.637    1.7163    0.0660    -3.5135
13.730    1.7231    0.0678    -3.5193
13.809    1.7288    0.0694    -3.5243
13.873    1.7335    0.0708    -3.5284
13.923    1.7372    0.0718    -3.5316
13.959    1.7398    0.0725    -3.5339
13.981    1.7414    0.0730    -3.5353
13.988    1.7419    0.0731    -3.5357
14.004    1.7422    0.0740    -3.5367
14.052    1.7431    0.0767    -3.5398
14.131    1.7446    0.0813    -3.5448
14.243    1.7468    0.0878    -3.5519
14.386    1.7493    0.0965    -3.5610
14.560    1.7517    0.1084    -3.5772
14.766    1.7539    0.1228    -3.5969
15.002    1.7552    0.1398    -3.6196
15.270    1.7566    0.1570    -3.6452
15.568    1.7585    0.1758    -3.6735
15.896    1.7636    0.1947    -3.7044
16.254    1.7810    0.2084    -3.7382
16.642    1.7985    0.2234    -3.7747
17.059    1.8160    0.2383    -3.8140
17.505    1.8341    0.2540    -3.8651
17.979    1.8530    0.2714    -3.9202
18.480    1.8716    0.2899    -3.9684
19.009    1.8869    0.3104    -3.7950
19.565    1.8965    0.3334    -3.4917
20.147    1.9044    0.3574    -3.1969
20.754    1.9168    0.3806    -2.9957
21.386    1.9330    0.4055    -2.7862
22.042    1.9423    0.4332    -1.6542
22.723    1.9500    0.4617    -1.0000
23.425    1.9566    0.4916    -1.0000
24.151    1.9629    0.5253    -1.0000
24.897    1.9689    0.5615    -1.0000
25.664    1.9689    0.5975    -1.0000
26.451    1.9638    0.6350    -1.0000
27.258    1.9611    0.6746    -1.0000
28.082    1.9645    0.7159    -1.0000
28.924    1.9687    0.7571    -1.0000
29.782    1.9695    0.7967    -1.0000
30.656    1.9657    0.8349    -1.0000
31.544    1.9674    0.8756    -1.0000
32.447    1.9695    0.9166    -1.0000
33.362    1.9696    0.9568    -1.0000
34.290    1.9641    0.9977    -1.0000
35.228    1.9561    1.0387    -1.0000
36.176    1.9463    1.0795    -1.0000
37.134    1.9345    1.1201    -1.0000
38.099    1.9209    1.1601    -1.0000
39.072    1.9053    1.1997    -1.0000
40.050    1.8880    1.2387    -1.0000
41.034    1.8680    1.2778    -1.0000
42.022    1.8464    1.3162    -1.0000
43.013    1.8232    1.3535    -1.0000
44.006    1.7985    1.3898    -1.0000
45.000    1.7723    1.4249    -1.0000
50.000    1.6211    1.5812    -1.0000
60.000    1.2205    1.7721    -1.0000
70.000    0.7563    1.7603    -1.0000
80.000    0.3159    1.5343    -1.0000
90.000    0.0001    1.2494    -1.0000
100.000    -0.1557    1.2250    -1.0000
110.000    -0.3059    1.1296    -1.0000
120.000    -0.4364    0.9752    -1.0000
130.000    -0.5385    0.7824    -1.0000
140.000    -0.6131    0.5750    -1.0000
150.000    -0.6274    0.3790    -1.0000
160.000    -0.4200    0.2185    -1.0000
170.000    -0.2101    0.1133    -1.0000
180.000    0.0000    0.0769    -1.0000
EOT 1
