AeroDyn airfoil file.  Compatible with AeroDyn v13.0.
This file was generated automatically by HARP_Opt.
This data represents a 22.5 percent thick airfoil, and was interpolated between the airfoil data in the files FFA_0240.dat and FFA_0210.dat.
  1           Number of airfoil tables in this file
 1.615         Table ID parameter (Reynolds number in millions)
13.040         Stall angle (deg)
  0           Zero lift angle of attack (deg)
  0           Cn slope for zero lift (dimensionless)
  0           Cn at stall value for positive angle of attack
  0           Cn at stall value for negative angle of attack
  0           Angle of attack for minimum CD (deg)
  0           Minimum CD value
-180.000    0.0000    0.1129    -1.0000
-170.000    0.2347    0.1488    -1.0000
-160.000    0.4688    0.2533    -1.0000
-150.000    0.7009    0.4129    -1.0000
-140.000    0.6506    0.6072    -1.0000
-130.000    0.5620    0.8123    -1.0000
-120.000    0.4507    1.0022    -1.0000
-110.000    0.3132    1.1519    -1.0000
-100.000    0.1580    1.2424    -1.0000
-90.000    0.0000    1.2610    -1.0000
-80.000    -0.1580    1.2424    -1.0000
-70.000    -0.3132    1.1519    -1.0000
-60.000    -0.4507    1.0022    -1.0000
-50.000    -0.5620    0.8123    -1.0000
-40.000    -0.6506    0.6072    -1.0000
-30.000    -0.7027    0.4241    -1.0000
-20.000    -0.4881    0.2618    -0.7230
-10.000    -0.3856    0.1345    -4.3499
-3.490    -0.1095    0.0089    -1.1459
-2.280    0.0474    0.0100    -0.9302
-1.050    0.1867    0.0106    -0.9215
0.000    0.3101    0.0111    -0.9976
0.418    0.3598    0.0112    -1.0409
0.835    0.4096    0.0113    -1.0876
1.252    0.4581    0.0113    -1.1362
1.668    0.5057    0.0116    -1.1918
2.081    0.5535    0.0118    -1.2471
2.493    0.6024    0.0119    -1.3025
2.902    0.6509    0.0121    -1.3584
3.308    0.6989    0.0125    -1.4138
3.710    0.7464    0.0130    -1.4694
4.109    0.7903    0.0134    -1.5247
4.504    0.8354    0.0137    -1.5804
4.893    0.8830    0.0138    -1.6403
5.278    0.9264    0.0140    -1.7018
5.658    0.9688    0.0143    -1.7655
6.031    1.0101    0.0147    -1.8382
6.399    1.0538    0.0151    -1.9189
6.760    1.0939    0.0156    -2.0019
7.114    1.1284    0.0160    -2.0929
7.460    1.1649    0.0162    -2.1829
7.799    1.2000    0.0165    -2.2787
8.130    1.2334    0.0169    -2.3861
8.453    1.2647    0.0175    -2.4911
8.767    1.2932    0.0181    -2.6009
9.072    1.3209    0.0185    -2.7071
9.367    1.3480    0.0186    -2.8090
9.653    1.3741    0.0185    -2.9072
9.929    1.3982    0.0190    -2.9988
10.195    1.4209    0.0197    -3.0761
10.450    1.4419    0.0205    -3.1504
10.695    1.4598    0.0223    -3.2203
10.929    1.4766    0.0241    -3.2772
11.151    1.4916    0.0259    -3.3314
11.362    1.5055    0.0276    -3.3829
11.561    1.5170    0.0292    -3.4314
11.749    1.5279    0.0307    -3.4771
11.924    1.5380    0.0321    -3.5198
12.087    1.5471    0.0335    -3.5596
12.238    1.5544    0.0349    -3.5963
12.376    1.5609    0.0363    -3.6299
12.501    1.5668    0.0376    -3.6532
12.614    1.5714    0.0388    -3.6738
12.713    1.5751    0.0400    -3.6921
12.800    1.5783    0.0410    -3.7080
12.873    1.5811    0.0418    -3.7214
12.933    1.5833    0.0425    -3.7325
12.980    1.5851    0.0430    -3.7410
13.013    1.5863    0.0434    -3.7472
13.033    1.5871    0.0437    -3.7509
13.040    1.5873    0.0438    -3.7521
13.056    1.5867    0.0444    -3.7551
13.106    1.5846    0.0461    -3.7642
13.188    1.5811    0.0492    -3.7792
13.302    1.5763    0.0534    -3.8003
13.450    1.5695    0.0594    -3.8162
13.629    1.5587    0.0686    -3.8310
13.841    1.5444    0.0797    -3.8485
14.085    1.5238    0.0927    -3.8686
14.361    1.5089    0.1049    -3.8913
14.668    1.4953    0.1176    -3.9217
15.007    1.4857    0.1300    -3.9560
15.376    1.4901    0.1393    -3.9933
15.775    1.4926    0.1497    -4.0326
16.205    1.4940    0.1594    -4.0746
16.664    1.4956    0.1701    -4.1195
17.153    1.4976    0.1821    -4.1673
17.670    1.4977    0.1934    -4.2408
18.215    1.4922    0.2051    -4.3131
18.787    1.4791    0.2180    -4.2490
19.387    1.4630    0.2313    -3.6830
20.013    1.4586    0.2443    -3.0921
20.664    1.4593    0.2600    -2.7004
21.341    1.4524    0.2777    -2.3038
22.042    1.4467    0.2962    -1.4684
22.766    1.4413    0.3151    -1.0000
23.513    1.4347    0.3375    -1.0000
24.283    1.4277    0.3616    -1.0000
25.073    1.4176    0.3857    -1.0000
25.884    1.4065    0.4116    -1.0000
26.715    1.3958    0.4397    -1.0000
27.565    1.3857    0.4691    -1.0000
28.432    1.3871    0.5024    -1.0000
29.317    1.3862    0.5329    -1.0000
30.217    1.3829    0.5610    -1.0000
31.133    1.3749    0.5870    -1.0000
32.063    1.3708    0.6145    -1.0000
33.006    1.3656    0.6417    -1.0000
33.962    1.3574    0.6688    -1.0000
34.929    1.3466    0.6961    -1.0000
35.906    1.3350    0.7236    -1.0000
36.893    1.3227    0.7510    -1.0000
37.888    1.3094    0.7785    -1.0000
38.891    1.2953    0.8058    -1.0000
39.899    1.2805    0.8330    -1.0000
40.913    1.2649    0.8607    -1.0000
41.931    1.2485    0.8882    -1.0000
42.952    1.2316    0.9155    -1.0000
43.976    1.2139    0.9423    -1.0000
45.000    1.1958    0.9688    -1.0000
50.000    1.0993    1.0902    -1.0000
60.000    0.8518    1.2797    -1.0000
70.000    0.5586    1.3719    -1.0000
80.000    0.2586    1.3503    -1.0000
90.000    0.0002    1.2610    -1.0000
100.000    -0.1583    1.2425    -1.0000
110.000    -0.3130    1.1521    -1.0000
120.000    -0.4504    1.0018    -1.0000
130.000    -0.5621    0.8123    -1.0000
140.000    -0.6503    0.6073    -1.0000
150.000    -0.6990    0.4131    -1.0000
160.000    -0.4688    0.2538    -1.0000
170.000    -0.2347    0.1491    -1.0000
180.000    0.0000    0.1129    -1.0000
EOT 1
