AeroDyn airfoil file.  Compatible with AeroDyn v13.0.
This file was generated automatically by HARP_Opt.
This data represents a 21.2 percent thick airfoil, and was interpolated between the airfoil data in the files FFA_0240.dat and FFA_0210.dat.
  1           Number of airfoil tables in this file
 1.758         Table ID parameter (Reynolds number in millions)
10.986         Stall angle (deg)
  0           Zero lift angle of attack (deg)
  0           Cn slope for zero lift (dimensionless)
  0           Cn at stall value for positive angle of attack
  0           Cn at stall value for negative angle of attack
  0           Angle of attack for minimum CD (deg)
  0           Minimum CD value
-180.000    0.0000    0.1910    -1.0000
-170.000    0.2878    0.2261    -1.0000
-160.000    0.5747    0.3293    -1.0000
-150.000    0.8579    0.4867    -1.0000
-140.000    0.7316    0.6772    -1.0000
-130.000    0.6131    0.8770    -1.0000
-120.000    0.4813    1.0601    -1.0000
-110.000    0.3286    1.2005    -1.0000
-100.000    0.1632    1.2802    -1.0000
-90.000    0.0000    1.2861    -1.0000
-80.000    -0.1632    1.2802    -1.0000
-70.000    -0.3286    1.2005    -1.0000
-60.000    -0.4813    1.0601    -1.0000
-50.000    -0.6131    0.8770    -1.0000
-40.000    -0.7316    0.6772    -1.0000
-30.000    -0.8581    0.4881    -1.0000
-20.000    -0.5989    0.2940    -0.7230
-10.000    -0.3039    0.0912    -4.3499
-3.490    -0.0978    0.0029    -1.1375
-2.280    0.0536    0.0034    -0.8441
-1.050    0.2031    0.0045    -0.8293
0.000    0.3336    0.0052    -0.9150
0.352    0.3775    0.0052    -0.9464
0.704    0.4214    0.0052    -0.9787
1.055    0.4650    0.0052    -1.0109
1.405    0.5080    0.0053    -1.0461
1.753    0.5507    0.0053    -1.0826
2.100    0.5934    0.0053    -1.1189
2.445    0.6357    0.0053    -1.1578
2.787    0.6776    0.0056    -1.2028
3.126    0.7192    0.0059    -1.2475
3.462    0.7598    0.0062    -1.2922
3.794    0.7996    0.0063    -1.3400
4.123    0.8393    0.0064    -1.3873
4.447    0.8779    0.0064    -1.4342
4.767    0.9165    0.0065    -1.4910
5.081    0.9549    0.0066    -1.5469
5.391    0.9927    0.0067    -1.6021
5.695    1.0292    0.0070    -1.6564
5.993    1.0640    0.0074    -1.7216
6.285    1.0978    0.0075    -1.7965
6.571    1.1306    0.0076    -1.8699
6.850    1.1625    0.0077    -1.9504
7.121    1.1934    0.0079    -2.0330
7.386    1.2231    0.0081    -2.1134
7.643    1.2520    0.0083    -2.1909
7.892    1.2793    0.0085    -2.2812
8.133    1.3052    0.0087    -2.3766
8.365    1.3300    0.0089    -2.4686
8.589    1.3537    0.0091    -2.5651
8.804    1.3748    0.0094    -2.6616
9.010    1.3933    0.0100    -2.7540
9.207    1.4109    0.0105    -2.8424
9.395    1.4255    0.0110    -2.9263
9.572    1.4390    0.0116    -3.0056
9.740    1.4494    0.0123    -3.0806
9.898    1.4592    0.0128    -3.1507
10.046    1.4683    0.0134    -3.2150
10.183    1.4760    0.0139    -3.2748
10.310    1.4814    0.0143    -3.3301
10.426    1.4862    0.0148    -3.3807
10.532    1.4907    0.0152    -3.4267
10.627    1.4932    0.0156    -3.4679
10.711    1.4947    0.0160    -3.5034
10.783    1.4961    0.0164    -3.5333
10.845    1.4972    0.0167    -3.5586
10.896    1.4983    0.0169    -3.5794
10.935    1.4989    0.0171    -3.5956
10.963    1.4995    0.0172    -3.6071
10.980    1.4998    0.0173    -3.6141
10.986    1.4999    0.0174    -3.6164
11.003    1.4994    0.0176    -3.6236
11.056    1.4979    0.0184    -3.6451
11.143    1.4953    0.0198    -3.6809
11.265    1.4917    0.0217    -3.7309
11.422    1.4854    0.0252    -3.7952
11.613    1.4713    0.0334    -3.8737
11.839    1.4503    0.0431    -3.9661
12.098    1.4157    0.0546    -4.0726
12.392    1.3986    0.0630    -4.1916
12.719    1.3872    0.0705    -4.2926
13.079    1.3778    0.0779    -4.4038
13.472    1.3691    0.0857    -4.5007
13.897    1.3548    0.0934    -4.5532
14.354    1.3395    0.1002    -4.6097
14.843    1.3236    0.1071    -4.6655
15.363    1.3081    0.1140    -4.7242
15.913    1.2877    0.1203    -4.7828
16.493    1.2594    0.1255    -4.8441
17.103    1.2282    0.1309    -4.9085
17.741    1.1905    0.1327    -5.0251
18.407    1.1642    0.1361    -5.1519
19.100    1.1561    0.1471    -4.4048
19.820    1.1495    0.1625    -3.1039
20.566    1.1421    0.1760    -2.1079
21.337    1.1346    0.1872    -1.2303
22.132    1.1280    0.2069    -1.0475
22.951    1.1228    0.2278    -1.0000
23.793    1.1181    0.2469    -1.0000
24.656    1.1146    0.2699    -1.0000
25.540    1.1130    0.2968    -1.0000
26.444    1.1103    0.3252    -1.0000
27.367    1.1068    0.3550    -1.0000
28.309    1.1146    0.3937    -1.0000
29.267    1.1240    0.4245    -1.0000
30.242    1.1238    0.4460    -1.0000
31.232    1.1029    0.4617    -1.0000
32.236    1.0833    0.4782    -1.0000
33.253    1.0638    0.4947    -1.0000
34.282    1.0438    0.5116    -1.0000
35.322    1.0238    0.5287    -1.0000
36.372    1.0039    0.5461    -1.0000
37.431    0.9840    0.5636    -1.0000
38.498    0.9641    0.5815    -1.0000
39.571    0.9444    0.5995    -1.0000
40.650    0.9262    0.6183    -1.0000
41.734    0.9091    0.6378    -1.0000
42.821    0.8920    0.6573    -1.0000
43.910    0.8752    0.6772    -1.0000
45.000    0.8586    0.6971    -1.0000
50.000    0.7842    0.7909    -1.0000
60.000    0.6224    0.9732    -1.0000
70.000    0.4345    1.1318    -1.0000
80.000    0.2233    1.2466    -1.0000
90.000    0.0004    1.2861    -1.0000
100.000    -0.1638    1.2804    -1.0000
110.000    -0.3282    1.2011    -1.0000
120.000    -0.4807    1.0593    -1.0000
130.000    -0.6133    0.8770    -1.0000
140.000    -0.7310    0.6773    -1.0000
150.000    -0.8542    0.4870    -1.0000
160.000    -0.5748    0.3302    -1.0000
170.000    -0.2878    0.2267    -1.0000
180.000    0.0000    0.1910    -1.0000
EOT 1
