AeroDyn airfoil file.  Compatible with AeroDyn v13.0.
This file was generated automatically by HARP_Opt.
This data represents a 21.2 percent thick airfoil, and was interpolated between the airfoil data in the files FFA_0240.dat and FFA_0210.dat.
  1           Number of airfoil tables in this file
 1.758         Table ID parameter (Reynolds number in millions)
10.986         Stall angle (deg)
  0           Zero lift angle of attack (deg)
  0           Cn slope for zero lift (dimensionless)
  0           Cn at stall value for positive angle of attack
  0           Cn at stall value for negative angle of attack
  0           Angle of attack for minimum CD (deg)
  0           Minimum CD value
-180.000    0.0000    0.1910    -1.0000
-170.000    0.2878    0.2261    -1.0000
-160.000    0.5747    0.3293    -1.0000
-150.000    0.8579    0.4867    -1.0000
-140.000    0.7316    0.6772    -1.0000
-130.000    0.6131    0.8770    -1.0000
-120.000    0.4813    1.0601    -1.0000
-110.000    0.3286    1.2005    -1.0000
-100.000    0.1632    1.2802    -1.0000
-90.000    0.0000    1.2861    -1.0000
-80.000    -0.1632    1.2802    -1.0000
-70.000    -0.3286    1.2005    -1.0000
-60.000    -0.4813    1.0601    -1.0000
-50.000    -0.6131    0.8770    -1.0000
-40.000    -0.7316    0.6772    -1.0000
-30.000    -0.8581    0.4881    -1.0000
-20.000    -0.5989    0.2940    -0.7230
-10.000    -0.2957    0.0887    -4.3499
-3.490    -0.0978    0.0029    -1.1375
-2.280    0.0536    0.0034    -0.8441
-1.050    0.2031    0.0045    -0.8293
0.000    0.3336    0.0052    -0.9150
0.352    0.3775    0.0052    -0.9464
0.704    0.4214    0.0052    -0.9787
1.055    0.4650    0.0052    -1.0109
1.405    0.5080    0.0053    -1.0461
1.753    0.5507    0.0053    -1.0826
2.100    0.5934    0.0053    -1.1189
2.445    0.6357    0.0053    -1.1578
2.787    0.6776    0.0056    -1.2028
3.126    0.7192    0.0059    -1.2475
3.462    0.7598    0.0062    -1.2922
3.794    0.7996    0.0063    -1.3400
4.123    0.8393    0.0064    -1.3873
4.447    0.8779    0.0064    -1.4342
4.767    0.9164    0.0065    -1.4910
5.081    0.9548    0.0066    -1.5469
5.391    0.9927    0.0067    -1.6021
5.695    1.0291    0.0070    -1.6564
5.993    1.0639    0.0074    -1.7216
6.285    1.0977    0.0075    -1.7965
6.571    1.1304    0.0076    -1.8699
6.850    1.1624    0.0077    -1.9504
7.121    1.1932    0.0079    -2.0330
7.386    1.2229    0.0081    -2.1134
7.643    1.2517    0.0083    -2.1909
7.892    1.2790    0.0085    -2.2812
8.133    1.3048    0.0087    -2.3766
8.365    1.3296    0.0088    -2.4686
8.589    1.3532    0.0091    -2.5651
8.804    1.3743    0.0094    -2.6616
9.010    1.3926    0.0100    -2.7540
9.207    1.4101    0.0104    -2.8424
9.395    1.4247    0.0110    -2.9263
9.572    1.4380    0.0116    -3.0056
9.740    1.4483    0.0122    -3.0806
9.898    1.4579    0.0128    -3.1507
10.046    1.4669    0.0133    -3.2150
10.183    1.4745    0.0138    -3.2748
10.310    1.4797    0.0142    -3.3301
10.426    1.4845    0.0147    -3.3807
10.532    1.4888    0.0151    -3.4267
10.627    1.4911    0.0154    -3.4679
10.711    1.4925    0.0159    -3.5034
10.783    1.4938    0.0162    -3.5333
10.845    1.4949    0.0165    -3.5586
10.896    1.4958    0.0168    -3.5794
10.935    1.4964    0.0169    -3.5956
10.963    1.4969    0.0170    -3.6071
10.980    1.4972    0.0171    -3.6141
10.986    1.4974    0.0172    -3.6164
11.003    1.4968    0.0174    -3.6236
11.056    1.4952    0.0182    -3.6451
11.143    1.4924    0.0195    -3.6809
11.265    1.4886    0.0214    -3.7309
11.422    1.4819    0.0249    -3.7952
11.613    1.4672    0.0331    -3.8737
11.839    1.4456    0.0427    -3.9661
12.098    1.4101    0.0541    -4.0726
12.392    1.3922    0.0624    -4.1916
12.719    1.3801    0.0698    -4.2926
13.079    1.3699    0.0770    -4.4038
13.472    1.3604    0.0847    -4.5007
13.897    1.3452    0.0922    -4.5532
14.354    1.3289    0.0988    -4.6097
14.843    1.3120    0.1055    -4.6655
15.363    1.2954    0.1121    -4.7242
15.913    1.2740    0.1181    -4.7828
16.493    1.2446    0.1230    -4.8441
17.103    1.2121    0.1280    -4.9085
17.741    1.1732    0.1294    -5.0251
18.407    1.1458    0.1324    -5.1519
19.100    1.1369    0.1429    -4.4048
19.820    1.1295    0.1579    -3.1039
20.566    1.1213    0.1709    -2.1079
21.337    1.1130    0.1817    -1.2303
22.132    1.1057    0.2008    -1.0475
22.951    1.0998    0.2212    -1.0000
23.793    1.0944    0.2397    -1.0000
24.656    1.0904    0.2622    -1.0000
25.540    1.0882    0.2885    -1.0000
26.444    1.0851    0.3163    -1.0000
27.367    1.0811    0.3454    -1.0000
28.309    1.0886    0.3835    -1.0000
29.267    1.0978    0.4136    -1.0000
30.242    1.0973    0.4345    -1.0000
31.232    1.0760    0.4495    -1.0000
32.236    1.0561    0.4652    -1.0000
33.253    1.0363    0.4810    -1.0000
34.282    1.0161    0.4972    -1.0000
35.322    0.9959    0.5136    -1.0000
36.372    0.9759    0.5302    -1.0000
37.431    0.9560    0.5471    -1.0000
38.498    0.9363    0.5643    -1.0000
39.571    0.9167    0.5816    -1.0000
40.650    0.8987    0.5999    -1.0000
41.734    0.8818    0.6187    -1.0000
42.821    0.8651    0.6378    -1.0000
43.910    0.8486    0.6571    -1.0000
45.000    0.8324    0.6766    -1.0000
50.000    0.7606    0.7687    -1.0000
60.000    0.6058    0.9510    -1.0000
70.000    0.4256    1.1142    -1.0000
80.000    0.2207    1.2380    -1.0000
90.000    0.0004    1.2861    -1.0000
100.000    -0.1638    1.2804    -1.0000
110.000    -0.3282    1.2011    -1.0000
120.000    -0.4807    1.0593    -1.0000
130.000    -0.6133    0.8770    -1.0000
140.000    -0.7310    0.6773    -1.0000
150.000    -0.8542    0.4870    -1.0000
160.000    -0.5748    0.3302    -1.0000
170.000    -0.2878    0.2267    -1.0000
180.000    0.0000    0.1910    -1.0000
EOT 1
