Twist1	Twist2	Twist3	Twist4	Twist5	Chord1	Chord2	Chord3	Chord4	Chord5	Thick1	Thick2	Thick3	
-5.9931	-9.2955	-9.9881	-9.9907	-9.9940	1.0468	0.2767	0.2596	0.2327	0.1223	0.3000	0.5706	0.7485
15.0502	-4.0170	-9.4602	-9.6403	-9.9663	1.0239	0.2896	0.2083	0.1048	0.1024	0.3000	0.9329	0.9625
9.5690	-0.1992	-4.9304	-6.2056	-8.8182	0.8164	0.2609	0.2437	0.1373	0.1048	0.3000	0.8128	0.8519
22.5676	-8.2851	-9.0294	-9.7147	-9.7735	1.3420	1.3247	0.7382	0.4029	0.1394	0.3000	0.6027	0.6980
-9.5887	-9.5986	-9.6709	-9.7835	-9.9341	0.9749	0.5505	0.1897	0.1447	0.1004	0.3000	0.4674	0.5775
38.7197	18.4553	-7.2116	-7.5079	-9.9941	1.0121	0.8371	0.6024	0.4614	0.1980	0.3000	0.5657	0.5719
-0.0806	-2.8099	-3.4717	-6.6498	-6.7736	1.2124	1.2089	0.4695	0.2638	0.1660	0.3000	0.8306	0.9308
-8.4409	-8.6715	-8.8805	-9.2367	-9.4821	1.1198	0.6212	0.4929	0.2331	0.1983	0.3000	0.4402	0.7730
-0.1908	-0.5853	-3.9509	-6.1006	-8.3341	1.4564	0.6759	0.5632	0.2396	0.2095	0.3000	0.5247	0.6912
-7.4736	-9.3056	-9.6889	-9.8467	-9.9893	1.4352	0.2462	0.2134	0.1186	0.1013	0.3000	0.6319	0.7653
34.2773	17.3564	5.9338	1.3835	-4.9674	1.4216	1.1758	0.3587	0.2678	0.1775	0.3000	0.4827	0.5224
-6.9885	-9.6266	-9.6493	-9.8550	-9.9489	1.3758	0.7283	0.1913	0.1694	0.1024	0.3000	0.6166	0.6565
39.1510	-8.3034	-8.7374	-9.4496	-9.9459	1.4944	0.3617	0.1305	0.1037	0.1014	0.3000	0.6871	0.7704
-5.7641	-8.7605	-9.2984	-9.9029	-9.9577	1.0992	0.6833	0.2708	0.1930	0.1392	0.3000	0.6897	0.7740
-8.2737	-9.5746	-9.9942	-9.9944	-9.9972	1.4635	0.5277	0.1616	0.1461	0.1169	0.3000	0.4838	0.6774
13.8599	12.4383	-8.7870	-9.2062	-9.3871	0.7750	0.7682	0.4131	0.1259	0.1196	0.3000	0.7854	0.8561
6.7477	2.0249	-5.8117	-7.3916	-9.2411	1.2508	0.4043	0.2625	0.2097	0.1410	0.3000	0.5974	0.9488
-0.1948	-2.2166	-8.8459	-9.3230	-9.4460	1.3315	0.4149	0.2632	0.1085	0.1029	0.3000	0.8811	0.8962
9.3498	1.2128	-2.1092	-7.7662	-9.4546	1.3105	1.1719	0.2083	0.1141	0.1081	0.3000	0.4205	0.5376
4.0867	-3.4376	-7.2737	-9.1463	-9.6627	1.1725	1.0056	0.3882	0.3493	0.2210	0.3000	0.4138	0.8541
0.1390	-6.9703	-8.0165	-8.9217	-9.9905	1.4046	0.6320	0.1779	0.1394	0.1379	0.3000	0.4299	0.8023
10.5459	3.2558	-8.1062	-8.1840	-8.6235	1.4333	0.9476	0.2141	0.1123	0.1101	0.3000	0.6057	0.7588
7.2165	-8.4050	-9.9517	-9.9596	-9.9853	1.4962	0.1870	0.1140	0.1043	0.1038	0.3000	0.5064	0.7716
29.3194	22.8085	21.5563	1.5247	-1.7319	1.3969	0.4138	0.1472	0.1047	0.1030	0.3000	0.5660	0.8381
27.1728	12.7336	-9.1654	-9.4785	-9.8007	0.8578	0.8055	0.1062	0.1028	0.1007	0.3000	0.4012	0.5776
39.6701	29.6630	21.9038	16.7054	8.3333	1.1375	0.6744	0.6406	0.1908	0.1813	0.3000	0.6055	0.6467
12.1384	7.9522	3.2354	-9.4318	-9.6213	1.2856	1.2654	0.7248	0.3798	0.1798	0.3000	0.4948	0.5178
18.3690	-6.7560	-9.9387	-9.9566	-9.9861	1.3018	1.0273	0.3498	0.2468	0.2355	0.3000	0.4160	0.7204
28.9718	-1.9233	-9.5530	-9.9981	-9.9991	1.1153	0.4132	0.2876	0.2111	0.1397	0.3000	0.4015	0.7789
20.6595	-2.8384	-8.2455	-8.6747	-9.8906	1.0627	0.6626	0.1695	0.1386	0.1138	0.3000	0.5322	0.6181
9.8643	4.8583	-8.2221	-9.3750	-9.7902	0.8067	0.1982	0.1280	0.1074	0.1035	0.3000	0.5096	0.7868
10.2298	-3.4403	-7.8389	-9.1821	-9.1983	1.3147	0.7957	0.4235	0.2469	0.2358	0.3000	0.6443	0.9398
4.1251	-7.3935	-8.2752	-9.7794	-9.9153	1.0491	0.1084	0.1022	0.1011	0.1009	0.3000	0.6717	0.7817
0.3301	-9.8315	-9.9298	-9.9562	-9.9923	0.8250	0.7925	0.1818	0.1137	0.1011	0.3000	0.5076	0.7395
30.9179	1.6974	0.2699	-1.2691	-8.1906	0.9717	0.8802	0.5755	0.3503	0.2072	0.3000	0.7189	0.8370
-7.6237	-8.1977	-9.9854	-9.9948	-9.9991	1.3798	0.3587	0.1871	0.1622	0.1313	0.3000	0.4322	0.5812
21.6874	10.2958	8.0417	6.7283	-7.6792	1.0664	0.6378	0.1546	0.1243	0.1107	0.3000	0.9193	0.9542
20.8231	-9.4331	-9.5487	-9.7829	-9.9556	0.8402	0.2426	0.1701	0.1028	0.1004	0.3000	0.5066	0.8139
25.4602	4.1718	-5.9952	-8.0475	-9.1957	0.8716	0.6128	0.4680	0.3863	0.1842	0.3000	0.4466	0.8821
33.7508	26.3002	15.0460	2.8176	-9.7012	1.1171	0.5082	0.4901	0.1390	0.1046	0.3000	0.8842	0.9907
26.9407	5.9543	0.7821	-2.2202	-9.7118	1.4125	1.2911	0.9374	0.4529	0.1581	0.3000	0.5243	0.5557
31.9239	1.4924	-1.5658	-4.0260	-7.3708	1.2235	0.7928	0.1899	0.1533	0.1404	0.3000	0.8041	0.8838
11.9538	0.5669	-2.7392	-7.3737	-7.9925	0.8839	0.8385	0.3256	0.1426	0.1188	0.3000	0.7120	0.9717
34.9736	28.8341	-7.2417	-8.7201	-9.6450	1.1198	0.1733	0.1401	0.1280	0.1210	0.3000	0.4007	0.6984
15.8470	8.5707	-8.4347	-9.2597	-9.8022	0.8419	0.7612	0.6653	0.1981	0.1522	0.3000	0.5214	0.5528
33.3649	1.4027	-3.6991	-7.2862	-9.5301	0.9730	0.1734	0.1498	0.1100	0.1014	0.3000	0.4874	0.9188
35.4150	21.5942	-3.3682	-9.1519	-9.2221	0.8223	0.8100	0.5671	0.2640	0.1014	0.3000	0.5066	0.8255
33.1079	-4.6419	-6.6385	-8.6599	-8.7691	1.1004	0.9202	0.4896	0.3880	0.2275	0.3000	0.4224	0.6184
9.3396	5.9542	0.8962	-7.5246	-8.9397	1.0097	0.6319	0.1115	0.1106	0.1042	0.3000	0.6155	0.7682
-6.0609	-8.9807	-9.6130	-9.6551	-9.8084	0.9673	0.5327	0.3507	0.2501	0.2085	0.3000	0.7628	0.8201
8.5858	-7.5104	-9.8879	-9.8887	-9.9216	1.2773	0.6949	0.5402	0.4673	0.1794	0.3000	0.4642	0.8917
36.3914	10.4154	-6.1715	-6.7779	-8.9325	0.8585	0.8570	0.3278	0.2413	0.1555	0.3000	0.5464	0.7614
39.7230	19.0000	6.5603	5.3909	-9.7042	0.9459	0.5508	0.3076	0.2396	0.1177	0.3000	0.6961	0.9509
19.2506	18.1652	-0.9375	-9.9184	-9.9723	0.7574	0.1898	0.1603	0.1324	0.1076	0.3000	0.4826	0.9092
36.9430	34.8030	19.0297	-3.9509	-9.5695	1.3430	0.1800	0.1063	0.1061	0.1049	0.3000	0.5286	0.6031
-5.7715	-6.6509	-8.6304	-8.6497	-9.8185	0.9711	0.7973	0.2458	0.1757	0.1482	0.3000	0.4847	0.7008
4.4101	3.0654	1.3956	-0.6444	-8.8637	1.2539	0.3614	0.1631	0.1470	0.1009	0.3000	0.8086	0.8628
13.5621	-2.5010	-7.9270	-8.0966	-9.5535	0.9293	0.5731	0.4798	0.2815	0.1732	0.3000	0.5335	0.7551
11.3080	2.2857	-4.6346	-7.9373	-8.6038	0.8182	0.4318	0.4317	0.2609	0.1953	0.3000	0.5868	0.9239
20.6833	12.0262	-6.3374	-9.3793	-9.5755	1.0781	0.9987	0.5534	0.3279	0.1690	0.3000	0.4997	0.8329
-6.1536	-7.0532	-9.4414	-9.8606	-9.9680	1.3511	0.8496	0.3246	0.2802	0.1209	0.3000	0.5425	0.5793
21.3997	11.2239	5.1130	-9.5348	-9.9654	1.3817	0.1302	0.1127	0.1059	0.1039	0.3000	0.5479	0.8320
16.6940	-4.5789	-9.5482	-9.6457	-9.8089	1.0205	0.8728	0.8096	0.4829	0.2124	0.3000	0.5786	0.9365
35.0336	-4.7600	-8.6089	-9.1941	-9.4111	0.8963	0.4818	0.1761	0.1086	0.1011	0.3000	0.4121	0.5024
24.5505	20.4027	-5.0519	-5.8732	-7.3887	1.0881	0.1389	0.1251	0.1218	0.1202	0.3000	0.4568	0.6007
22.4775	17.5138	13.1865	0.3245	-0.8495	1.1073	0.2165	0.1569	0.1512	0.1404	0.3000	0.4315	0.5472
0.4840	-5.3616	-9.2988	-9.7846	-9.8944	1.3173	0.5392	0.1041	0.1038	0.1019	0.3000	0.5384	0.5772
4.8904	-8.9582	-8.9644	-9.0254	-9.7855	1.4441	0.9338	0.9263	0.6678	0.2449	0.3000	0.4321	0.6329
32.3983	1.0876	-9.2460	-9.8948	-9.8977	1.2657	0.9952	0.4183	0.3954	0.2251	0.3000	0.5363	0.6778
26.6249	25.2265	15.6122	4.1378	-3.8112	1.0787	0.6449	0.4629	0.1111	0.1075	0.3000	0.4398	0.5239
27.1189	14.6321	1.6024	-4.0653	-7.2684	1.2691	1.0375	0.5637	0.2495	0.2004	0.3000	0.6251	0.7102
33.6398	9.6126	-8.0014	-8.1478	-8.7356	0.7809	0.6388	0.6093	0.4688	0.1518	0.3000	0.5939	0.7365
-8.7789	-9.0091	-9.3197	-9.4024	-9.8314	1.4936	0.2585	0.1033	0.1009	0.1002	0.3000	0.7687	0.8730
33.3322	32.2409	-5.5793	-6.9395	-6.9839	1.0240	0.4564	0.3670	0.3595	0.1969	0.3000	0.5095	0.7025
19.3552	3.2868	2.2506	-9.3911	-9.7052	0.9021	0.2329	0.1035	0.1017	0.1017	0.3000	0.5941	0.8795
6.8330	6.5996	-9.9409	-9.9483	-9.9504	0.9255	0.8950	0.4446	0.1866	0.1721	0.3000	0.6009	0.6607
33.5173	16.2114	5.8802	2.7593	-0.9037	1.1785	0.7911	0.4176	0.3164	0.1088	0.3000	0.4341	0.9236
39.0845	17.8027	10.2302	-5.5127	-5.8675	1.2431	0.7712	0.5056	0.3102	0.1220	0.3000	0.8556	0.9639
37.0240	-3.7211	-4.3771	-7.9954	-9.0717	1.1827	0.6213	0.2202	0.1611	0.1509	0.3000	0.5157	0.8473
13.7794	2.7883	-9.9058	-9.9682	-9.9881	0.9822	0.8364	0.1921	0.1471	0.1238	0.3000	0.4825	0.5548
17.1211	-4.7229	-9.5360	-9.5502	-9.7489	1.4463	1.4159	0.8084	0.2326	0.2012	0.3000	0.4790	0.7153
25.9376	14.1644	-9.1058	-9.2875	-9.6890	1.0161	0.7064	0.4580	0.4301	0.1663	0.3000	0.4048	0.5295
21.2898	13.1856	-2.3605	-7.1218	-8.5817	1.2990	0.5864	0.3503	0.2563	0.1227	0.3000	0.5524	0.9008
-7.0535	-8.6485	-8.7370	-9.3338	-9.4334	1.1176	0.6061	0.5395	0.3784	0.2421	0.3000	0.5464	0.7119
33.7035	-6.1547	-7.7322	-8.0926	-9.7926	0.8532	0.8343	0.5954	0.1836	0.1391	0.3000	0.4122	0.6813
30.1379	-8.5096	-8.6541	-9.9743	-9.9888	1.0125	0.1911	0.1210	0.1144	0.1081	0.3000	0.5460	0.5616
39.8885	34.9821	-6.2499	-9.8796	-9.9037	1.4990	0.6381	0.6245	0.1600	0.1100	0.3000	0.5942	0.8748
29.0289	-1.0050	-9.5488	-9.8320	-9.9004	1.0906	0.1918	0.1014	0.1014	0.1006	0.3000	0.5340	0.6798
10.8187	7.0764	-1.8510	-1.9651	-7.0396	1.4071	0.5995	0.2502	0.1662	0.1318	0.3000	0.5072	0.5228
1.7475	-2.8188	-6.9647	-8.5687	-9.3429	1.2267	0.1774	0.1009	0.1002	0.1001	0.3000	0.6648	0.7929
1.3434	-7.7155	-7.7868	-8.9675	-9.9308	1.0749	0.4035	0.3926	0.2527	0.1454	0.3000	0.5321	0.7614
-9.2668	-9.6425	-9.8950	-9.9759	-9.9781	1.0516	0.4618	0.3215	0.1222	0.1106	0.3000	0.7842	0.7938
-4.7307	-5.8652	-7.8700	-9.3656	-9.6181	1.0994	0.8565	0.2832	0.2325	0.1982	0.3000	0.4745	0.5773
22.4457	18.6333	10.8544	2.8350	0.5650	1.2666	0.1677	0.1096	0.1013	0.1001	0.3000	0.5177	0.6797
4.8799	-9.1836	-9.9995	-9.9999	-9.9999	1.0261	0.2396	0.2215	0.1944	0.1033	0.3000	0.4024	0.5024
16.4105	12.3977	-9.2746	-9.6668	-9.9040	0.9465	0.6231	0.3238	0.1536	0.1469	0.3000	0.5055	0.6775
-5.0647	-5.6698	-9.2162	-9.8889	-9.9813	1.1674	0.5441	0.2952	0.1213	0.1014	0.3000	0.4939	0.5312
34.8049	20.4198	17.7109	6.5260	-2.0407	1.1876	0.9810	0.8988	0.5350	0.1032	0.3000	0.5360	0.5553
-1.8623	-5.3652	-6.6323	-8.3191	-9.6153	1.2529	0.6729	0.1867	0.1747	0.1161	0.3000	0.5199	0.7363
19.2223	-3.3510	-6.6195	-7.8385	-9.6091	1.0652	0.2114	0.1349	0.1133	0.1095	0.3000	0.8271	0.9762
17.4214	12.3110	2.8544	1.3565	-6.3190	1.4851	0.7375	0.1862	0.1819	0.1363	0.3000	0.5888	0.9379
19.0492	0.1142	-1.0561	-2.6047	-6.2983	1.4557	0.7639	0.6880	0.6549	0.1803	0.3000	0.5499	0.5533
19.0279	4.9172	-7.2681	-7.3394	-7.4744	1.4907	1.2784	0.5491	0.3911	0.1918	0.3000	0.7783	0.9370
38.4714	31.0038	-3.5584	-8.0180	-9.8515	0.8875	0.7018	0.2259	0.1206	0.1159	0.3000	0.6171	0.7594
29.7893	19.9123	-2.9738	-3.0735	-3.0977	1.1280	0.9649	0.2935	0.2847	0.1079	0.3000	0.6995	0.8783
39.1833	9.7028	-3.5409	-5.8675	-6.8970	1.4280	0.4527	0.2500	0.1769	0.1757	0.3000	0.9066	0.9284
7.4392	1.3211	-7.9301	-8.8570	-9.5542	1.3808	1.3199	0.2774	0.1099	0.1037	0.3000	0.4881	0.9443
7.0043	-4.7843	-9.9093	-9.9233	-9.9803	0.9806	0.1037	0.1027	0.1007	0.1002	0.3000	0.9343	0.9663
24.6345	10.5941	1.3960	-3.4401	-5.5021	1.0680	0.6501	0.5425	0.4930	0.1981	0.3000	0.4655	0.7027
38.8521	-8.2248	-9.6484	-9.8747	-9.9618	0.8276	0.2860	0.1212	0.1117	0.1097	0.3000	0.5658	0.9210
34.1158	4.0357	-5.1761	-5.6393	-9.0760	0.9251	0.9144	0.8230	0.6653	0.2487	0.3000	0.4458	0.7480
8.9039	3.4291	-6.4837	-9.9050	-9.9628	0.9335	0.9136	0.2411	0.2093	0.1076	0.3000	0.6898	0.7023
13.5749	-4.6194	-9.0034	-9.5973	-9.9677	1.1346	0.4105	0.1317	0.1045	0.1018	0.3000	0.6317	0.9077
34.9502	-2.6514	-8.4588	-9.9956	-9.9993	1.2368	1.0056	0.9992	0.7186	0.1942	0.3000	0.9036	0.9192
32.2535	20.7233	2.7211	-6.0692	-6.1064	0.8969	0.5575	0.5029	0.3876	0.2347	0.3000	0.8601	0.9564
-6.1533	-9.2219	-9.5777	-9.8562	-9.9331	0.7991	0.1627	0.1093	0.1012	0.1007	0.3000	0.6057	0.9743
34.8124	5.1797	-8.7749	-9.1233	-9.3901	0.8627	0.8298	0.8134	0.7929	0.1511	0.3000	0.5130	0.5148
11.0403	8.9507	2.5692	-5.8939	-6.1917	1.3858	1.2446	0.7319	0.6856	0.2474	0.3000	0.6633	0.8353
35.6832	8.4134	7.6421	-0.0710	-2.7197	0.9443	0.4611	0.1403	0.1051	0.1048	0.3000	0.4155	0.5387
7.8319	6.7767	-0.5447	-2.1686	-6.9668	1.3017	0.7964	0.6677	0.5022	0.1554	0.3000	0.4486	0.6519
27.0209	10.6593	9.4882	6.8111	5.3732	1.2539	0.7754	0.7038	0.3172	0.2178	0.3000	0.4058	0.9961
18.2951	-0.3685	-8.0703	-8.9463	-9.6543	1.3352	1.2695	0.3051	0.2723	0.1155	0.3000	0.7818	0.8971
33.9961	33.2084	26.0212	21.6380	5.0304	1.0911	0.7043	0.5204	0.1860	0.1067	0.3000	0.8560	0.9101
5.0329	1.6930	-5.9181	-7.9598	-8.9422	0.8064	0.1098	0.1009	0.1004	0.1002	0.3000	0.6866	0.8545
2.3603	-1.5640	-9.1068	-9.9111	-9.9318	0.9834	0.4922	0.2189	0.1060	0.1028	0.3000	0.8409	0.8732
35.7404	26.3190	-8.7726	-8.9499	-9.0119	0.8196	0.3761	0.2787	0.2361	0.2195	0.3000	0.4693	0.7045
27.5761	12.9915	10.8796	5.6459	-3.8726	1.4648	0.7653	0.4709	0.2346	0.1528	0.3000	0.5143	0.8560
15.5567	-7.4258	-8.0306	-8.9481	-9.3213	0.7932	0.7914	0.5968	0.5239	0.2328	0.3000	0.6248	0.8376
20.2021	7.3555	-5.5120	-6.8150	-9.9445	1.0842	0.5596	0.3328	0.2767	0.1804	0.3000	0.4931	0.6165
33.5168	-2.2740	-6.9432	-9.5660	-9.9660	1.2085	0.8517	0.7522	0.5140	0.2404	0.3000	0.6965	0.9885
0.1087	-0.5070	-7.1420	-7.2709	-9.1047	1.1856	1.1107	0.8901	0.2339	0.2161	0.3000	0.8740	0.9073
-4.7367	-7.2669	-8.1295	-8.7441	-9.8787	0.7612	0.3297	0.1255	0.1248	0.1005	0.3000	0.6782	0.8036
32.0771	21.7111	12.3324	8.3169	6.9812	1.3556	1.1173	0.4640	0.3835	0.1151	0.3000	0.4338	0.7331
29.4940	14.6449	5.9268	-2.4471	-3.1445	0.8931	0.7493	0.3158	0.2968	0.2229	0.3000	0.6545	0.7604
-0.2403	-1.1739	-6.6882	-6.7189	-7.7148	1.3617	1.3115	0.6456	0.2966	0.1375	0.3000	0.8238	0.9251
9.9244	-2.6591	-6.3114	-9.8668	-9.8955	1.1649	0.8689	0.6758	0.5059	0.2028	0.3000	0.5019	0.5316
32.7581	30.7119	7.7340	-5.6758	-8.1136	1.0259	0.5855	0.4712	0.2113	0.1439	0.3000	0.8232	0.9124
-2.8002	-3.1940	-7.6510	-8.6429	-8.8876	0.9773	0.4665	0.4483	0.1355	0.1283	0.3000	0.4749	0.5487
-9.7792	-9.8017	-9.9864	-9.9995	-9.9995	1.4731	1.0803	0.9996	0.4901	0.1403	0.3000	0.4039	0.6984
-1.7683	-8.2790	-8.5233	-8.7479	-9.8961	1.2816	1.0327	0.4884	0.3565	0.1896	0.3000	0.4429	0.9222
6.2378	4.0135	-2.1053	-6.2533	-8.9180	1.0344	0.5897	0.5067	0.2547	0.1273	0.3000	0.6247	0.8898
33.6039	3.5437	-6.1952	-6.8002	-8.9518	1.4073	0.8003	0.1864	0.1573	0.1200	0.3000	0.6543	0.7031
34.2658	-6.8693	-9.9733	-9.9793	-9.9901	1.4974	0.5777	0.3035	0.2776	0.1569	0.3000	0.5460	0.7374
1.7788	-7.5491	-9.8835	-9.9367	-9.9500	1.0964	0.7903	0.6803	0.1337	0.1291	0.3000	0.6288	0.8752
8.9078	0.6398	-0.2508	-2.3866	-7.5559	0.9016	0.5293	0.4958	0.1372	0.1012	0.3000	0.8737	0.9050
36.9929	14.0459	-7.9026	-7.9865	-8.9784	0.8543	0.2779	0.2602	0.1742	0.1373	0.3000	0.5140	0.9607
1.6801	-9.0109	-9.6979	-9.7440	-9.7575	0.8827	0.6004	0.4700	0.4284	0.1847	0.3000	0.7300	0.8232
27.9214	10.0929	-2.8591	-6.1326	-7.1140	1.3772	0.2474	0.2097	0.1593	0.1306	0.3000	0.5461	0.5717
-7.0644	-8.3295	-8.4289	-8.6786	-9.9317	0.8928	0.2888	0.2360	0.2192	0.1900	0.3000	0.4632	0.5187
10.7724	-4.3998	-6.9362	-9.1363	-9.3385	1.2063	0.1149	0.1001	0.1001	0.1000	0.3000	0.8707	0.9612
33.6381	6.1893	3.5934	-0.8809	-6.6627	1.4381	0.5219	0.1844	0.1197	0.1025	0.3000	0.7958	0.8398
-2.6395	-6.8165	-9.5737	-9.7551	-9.7654	1.4831	0.2103	0.1997	0.1928	0.1166	0.3000	0.7219	0.7607
26.3740	-0.3211	-9.2866	-9.5198	-9.8861	1.0000	0.4827	0.2497	0.1764	0.1360	0.3000	0.6928	0.9447
31.5611	-7.2447	-8.9633	-9.7165	-9.8257	1.2628	0.8835	0.7211	0.1883	0.1300	0.3000	0.6024	0.8292
33.6075	22.4937	1.5061	-3.1948	-3.2298	1.3112	1.1801	0.8406	0.5066	0.1551	0.3000	0.4469	0.5372
7.4674	2.1441	-5.6580	-9.2615	-9.5793	1.1793	0.1611	0.1188	0.1052	0.1033	0.3000	0.5019	0.7197
35.3845	15.8426	-6.0321	-7.2871	-7.4129	1.2401	0.8042	0.1412	0.1406	0.1393	0.3000	0.5037	0.7673
25.9859	0.1377	-8.2070	-9.2642	-9.6255	1.0303	0.3811	0.3596	0.3431	0.1245	0.3000	0.6204	0.9745
39.1435	-6.4879	-9.0935	-9.3033	-9.6973	1.3730	0.9408	0.6737	0.6330	0.1502	0.3000	0.7527	0.9144
18.2787	18.0089	0.1599	-2.7619	-9.5000	1.3691	0.6893	0.6146	0.3661	0.1347	0.3000	0.4561	0.6512
35.3439	18.2668	5.4379	4.5434	-9.8569	1.3841	0.5925	0.2068	0.1683	0.1573	0.3000	0.9025	0.9946
21.7824	19.8088	5.4168	-0.7850	-4.0211	1.0865	0.5571	0.2121	0.1348	0.1046	0.3000	0.4493	0.5911
18.0522	-8.5956	-8.7405	-9.3059	-9.8009	0.8906	0.1000	0.1000	0.1000	0.1000	0.3000	0.4959	0.5812
29.2332	19.6252	5.1737	2.2579	-5.7350	1.4500	1.0895	0.6411	0.5759	0.2076	0.3000	0.5784	0.6375
5.4208	-9.8994	-9.9801	-9.9936	-9.9948	1.2947	0.1380	0.1273	0.1263	0.1064	0.3000	0.4095	0.5652
12.9606	-8.6414	-9.5310	-9.7865	-9.9472	0.9461	0.2051	0.1320	0.1032	0.1009	0.3000	0.4703	0.5052
18.9346	-3.1158	-4.0212	-7.4507	-9.5629	0.8488	0.7190	0.6845	0.1634	0.1417	0.3000	0.7695	0.8155
13.6043	1.5371	0.5599	-5.9773	-8.5716	1.3977	0.2936	0.1513	0.1192	0.1067	0.3000	0.4592	0.5434
39.4276	19.7410	4.8041	-8.7081	-9.9665	1.3431	1.0887	0.2696	0.2639	0.1225	0.3000	0.5827	0.8357
23.8525	8.0675	4.0329	0.4227	-0.6016	0.9159	0.2350	0.2293	0.1019	0.1001	0.3000	0.5159	0.6841
-9.4345	-9.7735	-9.8667	-9.9437	-9.9502	0.7818	0.4040	0.3910	0.1022	0.1008	0.3000	0.7476	0.7560
31.8655	31.3211	-0.5560	-2.3687	-2.9972	0.9001	0.2043	0.1687	0.1166	0.1014	0.3000	0.6506	0.9120
39.7455	29.8842	16.9158	-4.6169	-9.2341	1.1444	0.8330	0.5444	0.2295	0.1867	0.3000	0.5936	0.9752
13.2280	-4.2341	-4.7989	-5.3409	-5.8883	1.2261	1.1274	0.6104	0.3936	0.1763	0.3000	0.6366	0.9998
30.0707	28.3019	25.9011	10.6676	-0.9282	1.2804	0.9168	0.1385	0.1339	0.1220	0.3000	0.4875	0.6410
30.7868	17.7780	7.9218	6.6498	2.1723	1.4171	1.3998	0.3107	0.1689	0.1389	0.3000	0.6097	0.6509
-6.0898	-8.6225	-9.0752	-9.9545	-9.9877	1.4303	0.6906	0.5077	0.2376	0.2176	0.3000	0.7068	0.7524
22.4496	7.5897	-4.8479	-9.9669	-9.9936	1.1666	0.7157	0.4990	0.2763	0.1578	0.3000	0.5434	0.5521
38.7343	27.9452	15.3742	-7.8266	-9.2808	1.2904	0.4014	0.2944	0.2751	0.2444	0.3000	0.7230	0.8574
3.3849	-5.4315	-6.8263	-9.4507	-9.4797	0.9024	0.5766	0.3915	0.1154	0.1007	0.3000	0.6011	0.6455
3.4040	-8.7368	-9.1580	-9.4191	-9.6512	1.4332	0.6109	0.4474	0.3743	0.1845	0.3000	0.5418	0.5693
14.9447	-6.5661	-6.7266	-8.6399	-8.7847	1.0773	0.7626	0.6534	0.3599	0.2464	0.3000	0.7696	0.8689
9.5480	3.3925	-9.2168	-9.2699	-9.5668	1.0568	0.1382	0.1351	0.1141	0.1038	0.3000	0.4607	0.5722
10.2377	-5.0579	-6.1542	-8.0366	-9.7657	1.4987	0.8434	0.1542	0.1353	0.1322	0.3000	0.5377	0.6169
29.5802	29.4049	-8.7838	-9.3883	-9.5197	1.3435	1.0074	0.2647	0.1893	0.1741	0.3000	0.4531	0.5418
4.5571	1.9867	-6.4610	-9.4200	-9.8941	1.4818	1.4170	0.8921	0.5154	0.1878	0.3000	0.4519	0.6230
16.5189	-4.1967	-7.5938	-9.3597	-9.8455	1.2863	1.1206	0.9777	0.6220	0.1341	0.3000	0.5393	0.5584
7.4899	0.6023	-6.1708	-8.5360	-9.1466	1.2603	0.8085	0.3620	0.2669	0.2028	0.3000	0.4000	0.5572
37.2470	2.7498	-8.2091	-8.6720	-9.9046	1.3664	0.6174	0.3839	0.3417	0.2384	0.3000	0.4931	0.6466
10.7405	-2.8012	-6.7056	-9.4077	-9.5743	0.9260	0.7075	0.6378	0.4497	0.1846	0.3000	0.5474	0.7751
10.4371	-5.3181	-6.1338	-9.1810	-9.6735	1.3577	1.2309	0.8927	0.3791	0.2366	0.3000	0.7216	0.8727
27.5087	-1.8265	-2.4897	-8.7043	-8.9331	1.4240	1.3390	0.8626	0.3675	0.1475	0.3000	0.7471	0.8315
10.8772	0.5876	-2.7958	-3.3830	-6.7499	1.3638	0.2933	0.1726	0.1443	0.1297	0.3000	0.6100	0.9229
38.4502	-6.8292	-7.7381	-7.8284	-8.3310	0.9244	0.1921	0.1265	0.1218	0.1183	0.3000	0.5021	0.5957
-5.4757	-6.0879	-8.9169	-9.3155	-9.3686	0.8413	0.7358	0.2282	0.1074	0.1001	0.3000	0.5613	0.9371
-5.8953	-8.2369	-9.0296	-9.3785	-9.4853	0.9445	0.3915	0.1183	0.1171	0.1158	0.3000	0.8307	0.8461
-3.0609	-6.9946	-9.9563	-9.9714	-9.9748	1.4796	0.4685	0.3064	0.1554	0.1351	0.3000	0.6740	0.7035
20.4528	18.8827	9.3778	-7.7730	-8.9837	1.4324	1.2428	0.4773	0.4633	0.2421	0.3000	0.7556	0.9679
-6.5365	-9.5708	-9.9292	-9.9866	-9.9930	0.8020	0.4873	0.2019	0.1601	0.1475	0.3000	0.7180	0.9240
11.4275	9.6845	5.8298	-4.5595	-7.5202	1.2350	1.1800	0.5741	0.4630	0.1256	0.3000	0.8435	0.9976
3.5027	-8.1908	-9.4962	-9.6150	-9.6999	1.4815	0.5421	0.5152	0.4391	0.1514	0.3000	0.7099	0.7986
17.5921	-4.5185	-7.5078	-8.7499	-9.4876	1.0962	0.8110	0.4628	0.1330	0.1215	0.3000	0.7104	0.8210
-9.7460	-9.7692	-9.7700	-9.8115	-9.8136	1.2643	0.9058	0.7677	0.5249	0.1536	0.3000	0.4704	0.7018
21.4009	-2.6505	-4.8080	-9.7406	-9.8025	1.3283	0.9552	0.7613	0.5565	0.2292	0.3000	0.5314	0.7172
34.1027	11.2897	2.0961	-8.9728	-9.2303	0.8029	0.3615	0.1965	0.1280	0.1170	0.3000	0.6612	0.9050
18.1926	7.4705	-6.8017	-9.1546	-9.4217	1.2667	0.3480	0.2898	0.2037	0.1973	0.3000	0.5284	0.5999
24.3004	0.6734	-4.1541	-7.4020	-8.8049	1.2664	0.3529	0.2966	0.2235	0.2014	0.3000	0.6179	0.6337
-8.1162	-9.5506	-9.6682	-9.9720	-9.9883	1.1955	0.4236	0.2875	0.2432	0.2089	0.3000	0.8235	0.9947
37.1093	28.1359	19.9268	16.4329	-9.3263	0.8224	0.4555	0.1647	0.1604	0.1354	0.3000	0.6799	0.9077
23.7512	20.4227	11.1166	-3.1493	-6.0482	0.9433	0.4929	0.3291	0.2100	0.1615	0.3000	0.4899	0.8976
1.4632	-0.1440	-1.2777	-2.7618	-6.0483	0.8587	0.3701	0.1486	0.1092	0.1066	0.3000	0.9541	0.9644
34.2658	2.6206	-6.9376	-9.8357	-9.8953	0.9558	0.6724	0.1361	0.1054	0.1000	0.3000	0.5156	0.7955
-9.5055	-9.8542	-9.8984	-9.9497	-9.9759	1.2778	0.5733	0.2665	0.1956	0.1259	0.3000	0.6473	0.6725
-4.7416	-8.7246	-8.7363	-8.8234	-9.3752	1.3707	0.4640	0.3510	0.3104	0.2296	0.3000	0.5941	0.9339
-6.4352	-9.2929	-9.3010	-9.6986	-9.8157	0.8927	0.2121	0.1838	0.1033	0.1027	0.3000	0.6814	0.7658
-7.4434	-8.0889	-9.0659	-9.7511	-9.9463	1.2159	0.2653	0.1845	0.1647	0.1290	0.3000	0.4643	0.6416
34.6220	33.4120	-0.6985	-5.9055	-8.0785	1.2734	0.3305	0.1781	0.1328	0.1166	0.3000	0.6276	0.6713
37.8515	9.0719	-2.5378	-6.4556	-6.8515	1.3628	0.2932	0.1504	0.1442	0.1368	0.3000	0.8542	0.9275
5.7881	-8.7552	-9.8842	-9.9977	-9.9994	1.3684	0.5720	0.2941	0.1480	0.1141	0.3000	0.5013	0.5179
28.1971	7.4753	-6.1847	-8.9909	-9.7266	0.7712	0.2790	0.1176	0.1029	0.1022	0.3000	0.6707	0.9576
25.3362	17.6683	-6.5612	-8.2434	-9.9604	1.4017	0.9999	0.8565	0.1998	0.1590	0.3000	0.4317	0.6741
-0.7167	-5.2398	-8.7641	-8.8177	-9.4772	1.3282	0.2797	0.1973	0.1882	0.1305	0.3000	0.6215	0.9244
17.2360	-0.6545	-8.1124	-8.3642	-9.3457	1.0960	0.4663	0.3523	0.2041	0.1986	0.3000	0.5079	0.5463
12.9888	0.8017	-9.4109	-9.5334	-9.9946	1.4528	0.2862	0.1645	0.1521	0.1040	0.3000	0.8772	0.9234
6.5921	1.5662	-7.1504	-8.1055	-8.7270	0.7799	0.1663	0.1084	0.1067	0.1058	0.3000	0.6252	0.9736
19.4733	19.0530	14.5237	13.1504	-5.8740	0.9469	0.7319	0.6267	0.5937	0.2118	0.3000	0.4320	0.9163
8.3821	-8.7390	-9.1462	-9.9192	-9.9286	1.4494	1.3741	0.4110	0.3507	0.1966	0.3000	0.5353	0.6008
3.0740	-3.0052	-3.9566	-6.8202	-9.1192	1.3052	0.3422	0.1875	0.1657	0.1531	0.3000	0.5873	0.8260
14.3168	6.2704	-6.4066	-9.5497	-9.7529	1.1116	0.1260	0.1199	0.1090	0.1081	0.3000	0.6093	0.6492
31.8367	25.5102	25.0007	13.3636	-4.4829	0.9194	0.8144	0.3951	0.2606	0.2003	0.3000	0.5242	0.6548
39.4416	2.3845	-1.6725	-3.2355	-7.9204	1.3473	1.1210	0.2803	0.2720	0.1007	0.3000	0.6724	0.7615
15.7775	1.3826	-9.0547	-9.7857	-9.8065	1.3405	0.9543	0.9079	0.6622	0.1706	0.3000	0.8053	0.9932
-4.3177	-6.9795	-9.1991	-9.3732	-9.8748	1.1004	0.5211	0.1058	0.1023	0.1002	0.3000	0.5517	0.6256
3.8321	-0.3555	-3.0884	-4.5881	-9.2759	0.8822	0.1097	0.1032	0.1011	0.1009	0.3000	0.5880	0.9369
37.0106	19.0317	-4.9508	-8.5360	-8.6001	1.3229	0.4754	0.1780	0.1303	0.1277	0.3000	0.4422	0.7384
29.7592	4.0225	2.4805	-1.1044	-7.8501	0.8925	0.3421	0.1297	0.1066	0.1010	0.3000	0.4629	0.5887
3.7327	-7.7518	-8.3087	-9.4207	-9.7334	0.8351	0.5581	0.4889	0.1666	0.1171	0.3000	0.6662	0.7793
-5.5001	-8.9596	-9.9619	-9.9831	-9.9869	1.4035	0.5772	0.2121	0.1901	0.1529	0.3000	0.8785	0.9521
1.6789	-5.7545	-9.1871	-9.8851	-9.9723	1.2202	0.1578	0.1176	0.1064	0.1049	0.3000	0.4988	0.6305
4.3018	-0.0764	-8.3413	-9.7021	-9.8924	1.0918	0.8099	0.3723	0.1311	0.1093	0.3000	0.5295	0.6021
11.8091	8.2122	4.4190	3.4811	1.4601	1.3907	1.3073	0.3430	0.2214	0.1955	0.3000	0.4818	0.7236
4.8883	2.4126	-2.0426	-7.8115	-9.7746	1.4807	0.3900	0.1013	0.1001	0.1000	0.3000	0.6126	0.6407
33.8510	28.4582	10.3819	0.6363	-2.5327	1.3325	1.2816	0.3485	0.2096	0.1708	0.3000	0.4178	0.6304
35.3325	23.8557	2.2297	-7.4060	-8.1748	1.2571	0.1034	0.1031	0.1004	0.1002	0.3000	0.4140	0.7108
8.9937	6.5921	-7.7376	-8.4969	-9.7449	0.9972	0.2595	0.1762	0.1445	0.1009	0.3000	0.5736	0.9987
17.6106	1.9332	-8.8643	-8.8695	-9.8246	1.0448	0.7331	0.6357	0.1235	0.1089	0.3000	0.5418	0.6212
19.8464	5.5161	-0.9709	-8.7434	-9.8281	1.0553	0.1178	0.1055	0.1006	0.1005	0.3000	0.7312	0.7326
38.0500	-7.4202	-8.9653	-9.6784	-9.8144	1.3738	0.2759	0.1248	0.1160	0.1070	0.3000	0.4258	0.6797
4.2069	-1.1904	-8.1220	-8.3651	-9.6891	0.8787	0.4407	0.2146	0.1696	0.1562	0.3000	0.4233	0.7549
6.5213	4.4932	-1.1377	-1.2632	-4.5170	1.3342	0.8266	0.4458	0.1759	0.1186	0.3000	0.5936	0.6802
21.2245	7.4291	4.6262	-1.2697	-5.8361	1.3438	0.2243	0.1869	0.1314	0.1105	0.3000	0.4313	0.8022
36.6840	36.3539	-0.6790	-9.6592	-9.7184	1.1396	0.4558	0.3894	0.1041	0.1018	0.3000	0.4577	0.7541
0.5979	-6.3879	-9.2368	-9.6261	-9.6824	0.9444	0.3665	0.3518	0.3383	0.1164	0.3000	0.6309	0.7922
-4.3954	-4.8733	-8.4952	-8.5813	-9.2004	1.3644	0.8256	0.7340	0.4462	0.1152	0.3000	0.6494	0.8249
36.3341	16.2124	11.5004	3.7272	-1.9283	0.8817	0.4243	0.2200	0.1929	0.1310	0.3000	0.4973	0.5809
26.1797	-6.0835	-6.4433	-9.6768	-9.8747	1.1042	0.2673	0.1457	0.1340	0.1078	0.3000	0.5642	0.9246
10.2263	-9.5677	-9.7718	-9.8601	-9.9086	1.0839	0.1391	0.1346	0.1209	0.1129	0.3000	0.4907	0.6178
-1.9892	-7.2400	-9.3958	-9.6946	-9.9545	1.4499	1.1594	0.3247	0.1416	0.1240	0.3000	0.4151	0.5821
12.5093	10.1870	7.8078	1.5788	-8.2721	0.9423	0.8724	0.8179	0.4446	0.1091	0.3000	0.6448	0.8831
16.5043	12.0064	8.6877	-7.3482	-8.8427	1.2507	0.7391	0.7207	0.3156	0.1994	0.3000	0.4049	0.5191
14.6641	-3.6729	-9.8463	-9.9730	-9.9954	1.2663	0.3954	0.3101	0.2204	0.1821	0.3000	0.5408	0.5686
39.6827	2.9418	-9.2237	-9.6118	-9.8178	1.3794	1.1676	0.9890	0.5594	0.1775	0.3000	0.4623	0.5997
4.7459	1.4959	0.1889	-7.7335	-8.4591	1.4900	0.8405	0.7988	0.1460	0.1451	0.3000	0.8411	0.9405
10.4369	-7.6123	-9.5701	-9.7180	-9.9631	1.4569	0.7540	0.3881	0.3447	0.2373	0.3000	0.4964	0.6475
7.0872	-5.5034	-6.5637	-6.7087	-9.9393	0.9402	0.2372	0.1786	0.1720	0.1053	0.3000	0.6621	0.8927
33.4132	22.7836	21.2086	11.9786	-5.8975	0.8265	0.3055	0.1818	0.1626	0.1284	0.3000	0.7673	0.8031
15.5766	0.7993	-0.5769	-2.3659	-5.4403	1.1773	0.2714	0.2325	0.1583	0.1432	0.3000	0.4105	0.6082
6.3576	-1.3957	-4.8898	-7.9334	-9.9017	0.9648	0.8821	0.3788	0.3188	0.1108	0.3000	0.7438	0.7695
3.5415	-2.9226	-8.0369	-8.0883	-8.6727	1.2373	0.4816	0.2156	0.1577	0.1565	0.3000	0.5101	0.8698
35.5614	19.2357	15.4460	-4.8808	-6.3869	1.4600	0.3132	0.2348	0.1068	0.1060	0.3000	0.5401	0.6415
17.4569	-8.8888	-9.2267	-9.9294	-9.9506	1.0121	0.7480	0.2300	0.2291	0.1434	0.3000	0.4852	0.5952
-0.4699	-7.9063	-9.1296	-9.5462	-9.7169	1.0136	0.6672	0.5004	0.1724	0.1246	0.3000	0.4775	0.8023
-4.0808	-7.3405	-9.3557	-9.5883	-9.8117	1.0626	0.5442	0.1977	0.1723	0.1624	0.3000	0.4192	0.7087
18.6191	-7.6203	-9.2217	-9.7196	-9.7646	1.2154	0.4030	0.1562	0.1554	0.1105	0.3000	0.4994	0.7932
33.8377	-6.1543	-7.4797	-9.3624	-9.5826	1.2800	0.1041	0.1039	0.1028	0.1001	0.3000	0.6267	0.8135
37.7198	35.0633	28.1275	26.5468	6.4213	0.8030	0.3023	0.2905	0.1080	0.1058	0.3000	0.4553	0.5157
31.3055	22.5519	4.6556	-8.9871	-9.6716	1.0578	0.1385	0.1255	0.1005	0.1003	0.3000	0.7775	0.8120
37.4006	7.7993	0.6129	-8.5666	-9.3439	0.7897	0.7149	0.6367	0.4695	0.1881	0.3000	0.4582	0.5783
10.1969	-9.6402	-9.7367	-9.9287	-9.9672	1.0697	0.9314	0.7340	0.3523	0.2433	0.3000	0.4451	0.8271
30.2850	-7.1394	-7.2155	-9.1380	-9.5024	1.1363	0.2021	0.1448	0.1108	0.1076	0.3000	0.7515	0.8783
32.3020	0.4388	-3.3655	-9.9881	-9.9946	1.3109	0.8897	0.6924	0.6814	0.1268	0.3000	0.4094	0.8034
21.5644	5.8714	-4.2904	-7.3709	-8.2050	0.9340	0.6209	0.4772	0.4297	0.1687	0.3000	0.4672	0.8887
3.3838	1.1555	-2.4956	-9.1246	-9.6807	1.0051	0.4223	0.2426	0.1354	0.1344	0.3000	0.4362	0.7368
-6.3737	-7.9531	-8.3675	-9.1304	-9.1919	1.4100	0.5244	0.4595	0.1530	0.1494	0.3000	0.4394	0.7525
22.5398	1.8275	0.4835	-3.0478	-6.4937	1.4625	1.2179	0.8064	0.2018	0.1475	0.3000	0.6447	0.6794
-2.9210	-5.5617	-5.6370	-8.6527	-9.5449	1.1753	0.2864	0.2624	0.1310	0.1034	0.3000	0.4752	0.5809
10.1147	4.9788	4.2186	-8.3764	-8.9216	1.4522	0.3461	0.1162	0.1034	0.1026	0.3000	0.4531	0.7047
5.4744	-7.9283	-7.9553	-9.7795	-9.9733	1.1741	0.2193	0.1650	0.1436	0.1103	0.3000	0.5821	0.6247
11.4260	11.0232	6.5386	-6.5757	-8.9046	1.1455	0.4539	0.4354	0.1528	0.1349	0.3000	0.5331	0.6653
32.1517	7.6792	-0.5162	-2.1839	-7.8697	0.9600	0.3720	0.2661	0.1742	0.1347	0.3000	0.4426	0.5475
-5.4610	-5.6943	-7.1972	-9.1681	-9.3989	1.4353	0.2063	0.1767	0.1072	0.1045	0.3000	0.6369	0.6969
16.2944	14.7904	7.9917	-1.1279	-1.2139	1.1239	0.5787	0.2095	0.1790	0.1590	0.3000	0.4880	0.6830
26.9701	-0.3236	-9.0096	-9.5206	-9.6262	0.8546	0.6351	0.3876	0.1558	0.1288	0.3000	0.4304	0.5793
1.0180	0.8369	-0.9006	-4.2851	-7.2812	1.4315	0.7634	0.1628	0.1316	0.1249	0.3000	0.7981	0.9704
21.5211	5.9028	-0.6571	-4.2446	-7.6214	0.8344	0.2048	0.1716	0.1567	0.1479	0.3000	0.5698	0.7958
31.8662	13.2622	6.3518	5.4836	2.5664	0.8167	0.4319	0.3729	0.1521	0.1412	0.3000	0.5334	0.7489
-0.4089	-9.4281	-9.8491	-9.9140	-9.9569	1.1819	0.3704	0.1391	0.1122	0.1008	0.3000	0.5288	0.5387
20.1613	-3.1007	-3.1551	-3.4231	-5.9537	1.3885	1.3635	0.5065	0.4202	0.2045	0.3000	0.7233	0.9131
2.8701	0.7106	-1.8943	-3.3999	-7.9727	1.4686	0.1738	0.1603	0.1402	0.1282	0.3000	0.4576	0.9861
19.6267	-4.7330	-6.1180	-9.6017	-9.8688	1.2611	0.8872	0.4200	0.3327	0.2251	0.3000	0.4971	0.6795
39.0342	8.6361	4.9294	-8.0464	-8.7232	0.9760	0.9506	0.9446	0.1766	0.1346	0.3000	0.7736	0.8789
36.9997	23.7124	14.9738	7.5968	-7.7789	0.8943	0.2973	0.1627	0.1531	0.1043	0.3000	0.4668	0.6202
35.5483	1.0241	-7.0386	-9.1887	-9.5042	1.4023	1.3406	0.4934	0.1701	0.1541	0.3000	0.5265	0.5632
-2.5496	-7.0620	-7.9599	-8.0506	-8.6955	1.2375	1.1632	0.9406	0.1997	0.1478	0.3000	0.4236	0.5020
-3.1382	-7.8997	-9.6143	-9.6514	-9.8638	0.9160	0.6588	0.2968	0.1811	0.1236	0.3000	0.5448	0.5992
29.4735	24.0809	21.4442	0.1838	-1.5696	1.4680	1.1967	0.3384	0.3263	0.1090	0.3000	0.5983	0.6044
21.7059	1.6688	-9.6591	-9.7640	-9.9405	0.8822	0.4148	0.2156	0.1080	0.1033	0.3000	0.4986	0.5031
2.9124	-7.2638	-8.4183	-9.0217	-9.1365	1.3990	1.3430	0.6645	0.5990	0.1323	0.3000	0.6354	0.6428
26.7597	22.4059	-9.6778	-9.9094	-9.9275	1.2551	0.3791	0.1235	0.1127	0.1094	0.3000	0.5884	0.5931
7.0156	3.5950	-3.0214	-8.5477	-9.0987	1.3285	0.3860	0.1427	0.1395	0.1090	0.3000	0.6771	0.8485
-7.9389	-9.4827	-9.7816	-9.9241	-9.9652	1.0326	0.1650	0.1437	0.1360	0.1242	0.3000	0.8556	0.8613
31.0309	24.8184	24.6369	10.4342	1.9542	1.4367	0.4480	0.3423	0.3133	0.1108	0.3000	0.4595	0.8421
34.3883	19.3792	5.7401	3.7375	3.1711	1.0522	0.8126	0.4514	0.2858	0.1631	0.3000	0.5762	0.5859
7.8679	7.2892	-1.1708	-3.9344	-6.8428	1.1214	0.5776	0.4337	0.1135	0.1013	0.3000	0.9203	0.9642
2.1023	-5.6212	-9.2941	-9.7229	-9.7956	1.0423	0.4259	0.3606	0.2620	0.2237	0.3000	0.4877	0.5139
9.6272	5.2719	-9.5478	-9.6041	-9.7048	0.7696	0.1810	0.1408	0.1317	0.1315	0.3000	0.6575	0.7617
36.8793	-2.5586	-8.2885	-8.6625	-9.3087	1.0635	0.3220	0.2675	0.2049	0.1632	0.3000	0.5977	0.6684
19.5482	1.2548	-2.7263	-3.3282	-5.2228	0.8932	0.5782	0.1255	0.1049	0.1023	0.3000	0.7863	0.7906
38.3042	28.2231	5.9555	2.6311	-8.4146	1.0130	0.6922	0.5988	0.1818	0.1097	0.3000	0.5351	0.9747
30.8601	27.2163	15.0799	-4.8242	-8.6682	1.2197	0.1805	0.1435	0.1034	0.1005	0.3000	0.7013	0.8126
39.0649	-6.4221	-9.0328	-9.6144	-9.9988	1.4377	0.3879	0.3727	0.3448	0.2230	0.3000	0.5996	0.7265
30.1123	22.3268	10.9267	10.1621	-3.6151	1.2479	0.6340	0.1010	0.1001	0.1000	0.3000	0.6175	0.8558
11.8345	8.8881	-5.2257	-6.7361	-7.9042	1.0300	0.9531	0.6687	0.1900	0.1357	0.3000	0.4693	0.9814
22.8692	3.2992	-3.6649	-5.5765	-9.4466	1.4497	0.3408	0.3024	0.1875	0.1065	0.3000	0.5216	0.9012
18.1243	15.8458	-4.9368	-7.4510	-9.1727	1.1214	1.0033	0.8336	0.6537	0.2415	0.3000	0.6759	0.7195
-3.0650	-7.4996	-7.7008	-8.3772	-8.4525	1.4628	0.4673	0.3381	0.1877	0.1634	0.3000	0.8259	0.8693
38.2478	26.6458	23.5684	17.7044	1.2928	1.0950	0.5397	0.2530	0.1245	0.1076	0.3000	0.4288	0.6986
14.6721	14.2932	2.7199	-6.9866	-9.4934	0.8776	0.8505	0.7277	0.3884	0.1725	0.3000	0.9186	0.9633
-6.5023	-6.8238	-7.4115	-9.5035	-9.8651	1.3520	1.1023	0.6266	0.4548	0.2172	0.3000	0.5204	0.8028
-6.5735	-6.7862	-7.3818	-9.5297	-9.8861	0.9788	0.7161	0.2100	0.1814	0.1071	0.3000	0.6040	0.9336
4.8267	-4.3106	-8.2160	-9.6763	-9.7468	1.4964	0.8249	0.2790	0.2756	0.1389	0.3000	0.4567	0.9865
27.8226	23.8683	-7.6859	-8.8484	-8.8588	1.0768	0.4872	0.3345	0.1724	0.1510	0.3000	0.4268	0.5026
24.1020	13.5920	5.7566	-1.0000	-2.5684	0.9803	0.1655	0.1125	0.1051	0.1033	0.3000	0.7746	0.8050
16.9458	-7.2794	-7.8804	-8.4472	-9.6635	0.8168	0.6393	0.2536	0.1447	0.1039	0.3000	0.8556	0.8699
6.9086	-5.2193	-6.8566	-7.1433	-8.0709	0.8321	0.6051	0.1546	0.1155	0.1137	0.3000	0.4594	0.8451
-4.2960	-9.2588	-9.3915	-9.4078	-9.5631	1.0959	1.0053	0.1237	0.1163	0.1083	0.3000	0.8723	0.9666
13.6213	13.2056	12.5554	1.1053	-0.1600	1.1681	1.0250	0.4648	0.2909	0.1744	0.3000	0.6568	0.7707
12.3903	-6.8634	-8.8459	-9.4379	-9.5008	1.0900	0.5988	0.2616	0.1106	0.1042	0.3000	0.5710	0.6986
31.8319	8.1596	2.6171	1.7502	-0.7798	1.0804	0.6204	0.3792	0.1082	0.1026	0.3000	0.6279	0.8201
-3.1587	-9.7302	-9.8621	-9.9682	-9.9887	1.2396	0.5879	0.1096	0.1073	0.1040	0.3000	0.5136	0.5726
3.3874	-9.4913	-9.5727	-9.6411	-9.8601	1.2840	0.3333	0.2703	0.2410	0.1784	0.3000	0.5005	0.9140
12.1529	3.8402	-3.2329	-8.9467	-9.5691	0.8256	0.8201	0.5270	0.1802	0.1349	0.3000	0.6609	0.9110
39.6363	19.3073	-0.5589	-3.9417	-5.2273	1.0799	0.3510	0.1102	0.1095	0.1086	0.3000	0.4218	0.7805
24.5780	-2.9863	-4.0721	-8.7572	-9.0784	1.2295	0.8455	0.7914	0.4347	0.2466	0.3000	0.8074	0.8827
18.8539	18.8443	5.8353	-2.1184	-7.1776	1.3610	0.8080	0.5784	0.5759	0.1703	0.3000	0.6848	0.8079
32.1153	24.2663	16.4102	-8.9791	-9.8071	1.4044	0.2765	0.1465	0.1288	0.1215	0.3000	0.8823	0.8835
-2.5118	-7.7623	-9.1676	-9.5625	-9.7902	1.3073	1.0368	0.8389	0.7382	0.2284	0.3000	0.4659	0.6678
26.6649	9.1197	-8.0316	-8.1015	-8.3043	0.9748	0.1115	0.1072	0.1070	0.1063	0.3000	0.6385	0.7388
-0.7895	-4.9507	-9.0600	-9.7808	-9.8321	0.8390	0.8182	0.5597	0.1621	0.1395	0.3000	0.8929	0.9248
4.5929	-6.5384	-9.9273	-9.9574	-9.9762	0.9297	0.8512	0.7045	0.2071	0.1709	0.3000	0.5362	0.9677
3.4556	-1.7270	-8.2637	-8.5432	-9.8473	1.2423	1.1444	0.5383	0.1876	0.1419	0.3000	0.4473	0.9841
34.6017	19.5699	9.9885	-8.4449	-8.8733	1.1284	0.3609	0.3447	0.3361	0.2150	0.3000	0.9617	0.9997
31.6530	-2.4899	-5.3964	-5.7558	-9.1490	0.7568	0.1617	0.1423	0.1217	0.1191	0.3000	0.4521	0.5275
16.0184	12.4660	7.5241	4.0013	-4.2731	1.4385	0.1466	0.1451	0.1329	0.1023	0.3000	0.5722	0.5899
35.8647	15.4604	-5.1432	-7.8533	-9.5535	1.1801	0.9379	0.3688	0.2868	0.1532	0.3000	0.8027	0.9464
16.5249	13.6714	2.4208	2.1384	-0.5337	0.9107	0.7552	0.6121	0.2496	0.1754	0.3000	0.4693	0.6565
31.1749	6.8014	0.2766	-2.9242	-5.6529	1.4078	0.1586	0.1076	0.1048	0.1019	0.3000	0.6895	0.9087
11.9411	7.1039	5.4883	-9.1479	-9.8983	1.4212	0.4406	0.1500	0.1006	0.1006	0.3000	0.5167	0.9003
5.3872	4.6515	-7.7607	-8.6603	-9.7250	0.9899	0.5076	0.1017	0.1001	0.1000	0.3000	0.4570	0.8886
38.1270	29.1025	0.6562	-3.4584	-6.4768	1.1070	0.6198	0.4554	0.1259	0.1223	0.3000	0.5752	0.7015
23.6048	11.4286	3.8275	-3.2200	-7.4744	1.1388	0.2856	0.1702	0.1511	0.1390	0.3000	0.7046	0.7378
39.1856	20.6768	-0.7955	-3.1059	-3.6767	1.0741	0.1791	0.1590	0.1157	0.1042	0.3000	0.4483	0.8202
13.2881	-6.6064	-9.6132	-9.7015	-9.8339	0.9648	0.5863	0.5813	0.3126	0.1378	0.3000	0.9750	0.9779
20.4126	13.5496	-8.1535	-9.9685	-9.9902	0.9717	0.3772	0.1984	0.1204	0.1093	0.3000	0.4241	0.5353
-7.8611	-8.1707	-9.6024	-9.8132	-9.8681	1.0498	0.7030	0.5473	0.4436	0.2314	0.3000	0.4120	0.5317
25.6052	4.2534	-6.2514	-7.5625	-9.8617	0.8715	0.7031	0.3147	0.2325	0.1047	0.3000	0.7774	0.8867
7.2468	-7.9320	-8.3132	-9.9537	-9.9835	1.3111	0.3142	0.1238	0.1170	0.1033	0.3000	0.4253	0.5784
-4.8159	-6.7915	-6.9937	-7.0851	-8.9330	1.2994	0.8168	0.3409	0.2540	0.1529	0.3000	0.5302	0.9117
3.5326	-6.8356	-9.0383	-9.7731	-9.9489	1.4465	0.1629	0.1068	0.1045	0.1000	0.3000	0.8346	0.9950
13.4569	4.0163	-2.9333	-9.3794	-9.5449	0.8506	0.1871	0.1841	0.1146	0.1145	0.3000	0.5052	0.6044
3.2840	-8.3022	-9.3029	-9.7115	-9.7131	1.1210	0.4672	0.3964	0.1040	0.1027	0.3000	0.7417	0.8201
4.6613	4.2119	2.5943	1.0990	-8.1459	1.3860	0.5523	0.2633	0.2095	0.1114	0.3000	0.7669	0.9561
-5.4259	-6.7869	-8.4256	-9.5450	-9.8187	0.8506	0.3216	0.2393	0.1259	0.1100	0.3000	0.4531	0.7243
-2.8516	-9.8257	-9.9685	-9.9813	-9.9866	1.0932	0.1226	0.1168	0.1049	0.1031	0.3000	0.5325	0.9755
39.8154	-5.8601	-9.9662	-9.9805	-9.9859	1.1652	0.2015	0.1940	0.1299	0.1199	0.3000	0.4715	0.6619
-1.1479	-9.8178	-9.8707	-9.8714	-9.9489	1.3323	0.7264	0.1567	0.1209	0.1206	0.3000	0.5495	0.6449
28.0551	3.0523	-6.1864	-7.0186	-7.5239	1.2732	0.8923	0.7315	0.1724	0.1502	0.3000	0.4585	0.7299
14.9833	-2.8169	-4.1441	-6.9777	-7.1625	1.2615	0.4185	0.1558	0.1499	0.1414	0.3000	0.5503	0.6620
35.2559	21.5712	6.4837	-4.1607	-9.4416	1.4197	1.1686	0.3081	0.2421	0.1010	0.3000	0.4484	0.6173
36.2764	-6.6571	-8.6627	-9.3816	-9.6411	1.3136	0.7513	0.5933	0.5138	0.2424	0.3000	0.5785	0.7393
31.1213	23.9939	9.2102	7.7809	-3.9205	1.0308	0.1656	0.1054	0.1016	0.1011	0.3000	0.6254	0.6810
17.7366	15.3385	11.5461	-4.8234	-8.8864	1.2040	0.1366	0.1236	0.1038	0.1020	0.3000	0.5266	0.8013
33.7186	16.8690	8.0182	3.1909	-4.0063	0.7807	0.4933	0.4127	0.3984	0.2070	0.3000	0.5719	0.6834
26.5711	16.8298	1.7446	0.7720	-7.6179	1.3273	0.6975	0.2016	0.1844	0.1574	0.3000	0.7090	0.9729
19.8764	17.6672	16.8808	2.1995	-6.5097	1.1910	0.3172	0.1176	0.1144	0.1039	0.3000	0.5773	0.6770
31.8600	-4.8467	-9.9682	-9.9985	-9.9990	1.4644	1.3398	0.8072	0.5636	0.1530	0.3000	0.4629	0.5555
-5.5421	-9.4772	-9.5071	-9.5110	-9.6734	1.0989	0.4745	0.3426	0.2057	0.1160	0.3000	0.4872	0.9684
6.8340	-0.0323	-7.2716	-9.5287	-9.5661	1.0532	0.2154	0.1066	0.1006	0.1006	0.3000	0.5518	0.7691
4.1987	-5.3485	-6.7850	-8.5976	-9.3769	1.1679	0.3213	0.1965	0.1109	0.1029	0.3000	0.5309	0.6562
33.5933	16.6925	-7.3388	-8.7546	-9.6480	1.2128	1.0302	0.7055	0.1474	0.1192	0.3000	0.4298	0.5973
-1.3036	-3.9590	-4.9276	-8.3032	-9.1732	1.4711	0.7250	0.1121	0.1069	0.1052	0.3000	0.4402	0.7094
5.1168	-6.7650	-9.3295	-9.3614	-9.5673	1.0463	0.1217	0.1006	0.1003	0.1002	0.3000	0.4350	0.7705
15.9535	5.3367	-9.2869	-9.8738	-9.9853	1.4870	0.4538	0.1977	0.1286	0.1186	0.3000	0.4642	0.8925
10.5657	-8.4313	-8.4360	-9.7075	-9.8824	1.3855	0.3939	0.3348	0.1211	0.1127	0.3000	0.4432	0.5909
17.1127	11.8520	7.6111	-1.3973	-3.5440	0.8729	0.1183	0.1065	0.1050	0.1030	0.3000	0.6086	0.6432
1.5385	1.3227	-0.9614	-6.5684	-8.2919	1.3193	0.7135	0.4531	0.1883	0.1816	0.3000	0.4655	0.5818
1.6064	-7.6949	-9.1760	-9.9579	-9.9746	1.4255	0.5705	0.2250	0.1225	0.1023	0.3000	0.4319	0.5430
14.1571	8.6522	6.2475	-3.8642	-7.9179	1.1511	0.7422	0.7181	0.2894	0.1088	0.3000	0.6343	0.9252
8.9690	-2.0940	-3.1509	-7.7323	-8.2752	1.1045	0.8978	0.6009	0.1734	0.1620	0.3000	0.6817	0.9579
22.0409	10.9705	7.8616	7.7583	6.3040	1.4958	1.1956	0.2947	0.1373	0.1079	0.3000	0.7020	0.8448
