AeroDyn airfoil file.  Compatible with AeroDyn v13.0.
This file was generated automatically by HARP_Opt.
This data represents a 28.4 percent thick airfoil, and was interpolated between the airfoil data in the files FFA_0300.dat and FFA_0240.dat.
  1           Number of airfoil tables in this file
 1.465         Table ID parameter (Reynolds number in millions)
11.198         Stall angle (deg)
  0           Zero lift angle of attack (deg)
  0           Cn slope for zero lift (dimensionless)
  0           Cn at stall value for positive angle of attack
  0           Cn at stall value for negative angle of attack
  0           Angle of attack for minimum CD (deg)
  0           Minimum CD value
-180.000    0.0000    0.0134    -1.0000
-170.000    0.1600    0.0232    -1.0000
-160.000    0.3199    0.1159    -1.0000
-150.000    0.4798    0.2849    -1.0000
-140.000    0.5341    0.4925    -1.0000
-130.000    0.4921    0.7140    -1.0000
-120.000    0.4120    0.9231    -1.0000
-110.000    0.2957    1.0948    -1.0000
-100.000    0.1534    1.2091    -1.0000
-90.000    0.0000    1.2525    -1.0000
-80.000    -0.1534    1.2091    -1.0000
-70.000    -0.2957    1.0948    -1.0000
-60.000    -0.4120    0.9231    -1.0000
-50.000    -0.4921    0.7140    -1.0000
-40.000    -0.5341    0.4925    -1.0000
-30.000    -0.4920    0.3207    -1.0000
-20.000    -0.3612    0.2081    -1.0363
-10.000    -0.2302    0.0955    -3.3885
-4.179    -0.2177    0.0299    -1.3233
-2.720    -0.1219    0.0257    -1.1163
-0.854    0.0391    0.0271    -0.9972
0.000    0.1403    0.0298    -1.1303
0.359    0.1831    0.0309    -1.1862
0.717    0.2263    0.0313    -1.2400
1.075    0.2697    0.0301    -1.2916
1.432    0.3126    0.0289    -1.3431
1.787    0.3555    0.0277    -1.3946
2.141    0.4021    0.0268    -1.4469
2.492    0.4531    0.0263    -1.4984
2.840    0.5024    0.0259    -1.5479
3.186    0.5449    0.0261    -1.5969
3.528    0.5850    0.0264    -1.6451
3.867    0.6276    0.0263    -1.6928
4.202    0.6717    0.0261    -1.7395
4.533    0.7126    0.0261    -1.7854
4.859    0.7512    0.0268    -1.8309
5.179    0.7919    0.0259    -1.8767
5.495    0.8344    0.0251    -1.9219
5.805    0.8673    0.0256    -1.9662
6.109    0.8959    0.0262    -2.0121
6.406    0.9258    0.0266    -2.0571
6.697    0.9547    0.0271    -2.1044
6.982    0.9786    0.0280    -2.1531
7.259    1.0010    0.0290    -2.2015
7.528    1.0216    0.0299    -2.2489
7.790    1.0532    0.0290    -2.2969
8.044    1.0863    0.0275    -2.3434
8.289    1.1103    0.0275    -2.3884
8.526    1.1285    0.0285    -2.4317
8.755    1.1451    0.0296    -2.4733
8.974    1.1594    0.0307    -2.5133
9.184    1.1723    0.0322    -2.5509
9.385    1.1845    0.0336    -2.5869
9.576    1.1963    0.0349    -2.6211
9.757    1.2080    0.0360    -2.6316
9.928    1.2188    0.0369    -2.6210
10.089    1.2290    0.0378    -2.6111
10.239    1.2385    0.0386    -2.6018
10.379    1.2473    0.0394    -2.5931
10.509    1.2530    0.0402    -2.5851
10.627    1.2578    0.0411    -2.5778
10.735    1.2622    0.0419    -2.5711
10.832    1.2661    0.0425    -2.5651
10.917    1.2695    0.0432    -2.5598
10.991    1.2726    0.0437    -2.5552
11.054    1.2751    0.0441    -2.5513
11.106    1.2772    0.0445    -2.5481
11.146    1.2788    0.0448    -2.5457
11.175    1.2800    0.0450    -2.5439
11.192    1.2807    0.0451    -2.5428
11.198    1.2809    0.0452    -2.5425
11.215    1.2787    0.0459    -2.5414
11.267    1.2721    0.0482    -2.5376
11.354    1.2610    0.0519    -2.5307
11.475    1.2455    0.0571    -2.5211
11.631    1.2255    0.0637    -2.5088
11.821    1.2012    0.0718    -2.4938
12.045    1.1726    0.0812    -2.4761
12.303    1.1396    0.0919    -2.4557
12.595    1.1023    0.1039    -2.4327
12.920    1.0739    0.1137    -2.4070
13.278    1.0522    0.1220    -2.4044
13.668    1.0405    0.1290    -2.4171
14.091    1.0276    0.1363    -2.4308
14.545    1.0166    0.1429    -2.4456
15.031    1.0167    0.1481    -2.4659
15.547    1.0170    0.1541    -2.4888
16.094    1.0167    0.1610    -2.5130
16.671    1.0116    0.1680    -2.5307
17.276    1.0026    0.1754    -2.5421
17.910    0.9913    0.1829    -2.5541
18.572    0.9816    0.1905    -2.5643
19.261    0.9743    0.1985    -2.5718
19.977    0.9698    0.2068    -2.5796
20.718    0.9626    0.2149    -2.2055
21.484    0.9534    0.2230    -1.6487
22.275    0.9450    0.2305    -1.2570
23.088    0.9391    0.2393    -1.1234
23.925    0.9361    0.2496    -1.0000
24.783    0.9358    0.2615    -1.0000
25.661    0.9403    0.2757    -1.0000
26.560    0.9308    0.2883    -1.0000
27.477    0.9046    0.2978    -1.0000
28.413    0.8822    0.3072    -1.0000
29.365    0.8637    0.3178    -1.0000
30.334    0.8516    0.3307    -1.0000
31.317    0.8411    0.3437    -1.0000
32.315    0.8315    0.3601    -1.0000
33.326    0.8186    0.3767    -1.0000
34.349    0.7779    0.3904    -1.0000
35.382    0.7713    0.4087    -1.0000
36.426    0.7691    0.4277    -1.0000
37.478    0.7669    0.4469    -1.0000
38.538    0.7647    0.4662    -1.0000
39.605    0.7624    0.4856    -1.0000
40.677    0.7577    0.5077    -1.0000
41.754    0.7516    0.5315    -1.0000
42.834    0.7454    0.5554    -1.0000
43.917    0.7392    0.5793    -1.0000
45.000    0.7331    0.6032    -1.0000
50.000    0.7031    0.7140    -1.0000
60.000    0.5886    0.9231    -1.0000
70.000    0.4225    1.0948    -1.0000
80.000    0.2191    1.2091    -1.0000
90.000    0.0000    1.2525    -1.0000
100.000    -0.1534    1.2091    -1.0000
110.000    -0.2957    1.0948    -1.0000
120.000    -0.4120    0.9231    -1.0000
130.000    -0.4921    0.7140    -1.0000
140.000    -0.5341    0.4925    -1.0000
150.000    -0.4798    0.2849    -1.0000
160.000    -0.3199    0.1159    -1.0000
170.000    -0.1600    0.0232    -1.0000
180.000    0.0000    0.0134    -1.0000
EOT 1
