AeroDyn airfoil file.  Compatible with AeroDyn v13.0.
This file was generated automatically by HARP_Opt.
This data represents a 22.5 percent thick airfoil, and was interpolated between the airfoil data in the files FFA_0240.dat and FFA_0210.dat.
  1           Number of airfoil tables in this file
 1.615         Table ID parameter (Reynolds number in millions)
13.040         Stall angle (deg)
  0           Zero lift angle of attack (deg)
  0           Cn slope for zero lift (dimensionless)
  0           Cn at stall value for positive angle of attack
  0           Cn at stall value for negative angle of attack
  0           Angle of attack for minimum CD (deg)
  0           Minimum CD value
-180.000    0.0000    0.1129    -1.0000
-170.000    0.2347    0.1488    -1.0000
-160.000    0.4688    0.2533    -1.0000
-150.000    0.7009    0.4129    -1.0000
-140.000    0.6506    0.6072    -1.0000
-130.000    0.5620    0.8123    -1.0000
-120.000    0.4507    1.0022    -1.0000
-110.000    0.3132    1.1519    -1.0000
-100.000    0.1580    1.2424    -1.0000
-90.000    0.0000    1.2610    -1.0000
-80.000    -0.1580    1.2424    -1.0000
-70.000    -0.3132    1.1519    -1.0000
-60.000    -0.4507    1.0022    -1.0000
-50.000    -0.5620    0.8123    -1.0000
-40.000    -0.6506    0.6072    -1.0000
-30.000    -0.7027    0.4241    -1.0000
-20.000    -0.4881    0.2618    -0.7230
-10.000    -0.2715    0.1000    -4.3499
-3.490    -0.1126    0.0095    -1.1459
-2.280    0.0481    0.0099    -0.9302
-1.050    0.1865    0.0106    -0.9215
0.000    0.3101    0.0111    -0.9976
0.418    0.3601    0.0112    -1.0409
0.835    0.4101    0.0112    -1.0876
1.252    0.4586    0.0113    -1.1362
1.668    0.5060    0.0116    -1.1918
2.081    0.5537    0.0118    -1.2471
2.493    0.6028    0.0119    -1.3025
2.902    0.6515    0.0121    -1.3584
3.308    0.6997    0.0125    -1.4138
3.710    0.7474    0.0129    -1.4694
4.109    0.7906    0.0134    -1.5247
4.504    0.8355    0.0137    -1.5804
4.893    0.8837    0.0138    -1.6403
5.278    0.9267    0.0140    -1.7018
5.658    0.9687    0.0143    -1.7655
6.031    1.0094    0.0147    -1.8382
6.399    1.0533    0.0151    -1.9189
6.760    1.0930    0.0156    -2.0019
7.114    1.1258    0.0160    -2.0929
7.460    1.1614    0.0162    -2.1829
7.799    1.1954    0.0164    -2.2787
8.130    1.2275    0.0168    -2.3861
8.453    1.2573    0.0173    -2.4911
8.767    1.2838    0.0178    -2.6009
9.072    1.3096    0.0181    -2.7071
9.367    1.3350    0.0180    -2.8090
9.653    1.3593    0.0178    -2.9072
9.929    1.3814    0.0181    -2.9988
10.195    1.4022    0.0186    -3.0761
10.450    1.4210    0.0192    -3.1504
10.695    1.4363    0.0207    -3.2203
10.929    1.4506    0.0222    -3.2772
11.151    1.4630    0.0237    -3.3314
11.362    1.4742    0.0251    -3.3829
11.561    1.4829    0.0264    -3.4314
11.749    1.4911    0.0275    -3.4771
11.924    1.4987    0.0286    -3.5198
12.087    1.5054    0.0297    -3.5596
12.238    1.5103    0.0307    -3.5963
12.376    1.5144    0.0318    -3.6299
12.501    1.5182    0.0328    -3.6532
12.614    1.5207    0.0337    -3.6738
12.713    1.5225    0.0346    -3.6921
12.800    1.5241    0.0353    -3.7080
12.873    1.5254    0.0359    -3.7214
12.933    1.5265    0.0364    -3.7325
12.980    1.5274    0.0368    -3.7410
13.013    1.5280    0.0371    -3.7472
13.033    1.5284    0.0373    -3.7509
13.040    1.5285    0.0374    -3.7521
13.056    1.5272    0.0379    -3.7551
13.106    1.5232    0.0394    -3.7642
13.188    1.5166    0.0420    -3.7792
13.302    1.5074    0.0456    -3.8003
13.450    1.4947    0.0507    -3.8162
13.629    1.4762    0.0588    -3.8310
13.841    1.4524    0.0684    -3.8485
14.085    1.4199    0.0795    -3.8686
14.361    1.3936    0.0897    -3.8913
14.668    1.3680    0.1001    -3.9217
15.007    1.3466    0.1100    -3.9560
15.376    1.3434    0.1173    -3.9933
15.775    1.3374    0.1253    -4.0326
16.205    1.3297    0.1323    -4.0746
16.664    1.3218    0.1400    -4.1195
17.153    1.3142    0.1487    -4.1673
17.670    1.3042    0.1564    -4.2408
18.215    1.2871    0.1639    -4.3131
18.787    1.2610    0.1719    -4.2490
19.387    1.2313    0.1797    -3.6830
20.013    1.2159    0.1875    -3.0921
20.664    1.2069    0.1979    -2.7004
21.341    1.1891    0.2096    -2.3038
22.042    1.1731    0.2219    -1.4684
22.766    1.1578    0.2342    -1.0000
23.513    1.1416    0.2497    -1.0000
24.283    1.1255    0.2667    -1.0000
25.073    1.1063    0.2832    -1.0000
25.884    1.0867    0.3012    -1.0000
26.715    1.0682    0.3213    -1.0000
27.565    1.0511    0.3425    -1.0000
28.432    1.0480    0.3682    -1.0000
29.317    1.0429    0.3909    -1.0000
30.217    1.0359    0.4110    -1.0000
31.133    1.0241    0.4287    -1.0000
32.063    1.0176    0.4482    -1.0000
33.006    1.0107    0.4673    -1.0000
33.962    1.0011    0.4863    -1.0000
34.929    0.9894    0.5055    -1.0000
35.906    0.9776    0.5249    -1.0000
36.893    0.9657    0.5445    -1.0000
37.888    0.9536    0.5643    -1.0000
38.891    0.9414    0.5842    -1.0000
39.899    0.9291    0.6043    -1.0000
40.913    0.9166    0.6252    -1.0000
41.931    0.9040    0.6462    -1.0000
42.952    0.8914    0.6674    -1.0000
43.976    0.8787    0.6885    -1.0000
45.000    0.8660    0.7097    -1.0000
50.000    0.8029    0.8122    -1.0000
60.000    0.6436    1.0019    -1.0000
70.000    0.4472    1.1517    -1.0000
80.000    0.2259    1.2424    -1.0000
90.000    0.0002    1.2610    -1.0000
100.000    -0.1583    1.2425    -1.0000
110.000    -0.3130    1.1521    -1.0000
120.000    -0.4504    1.0018    -1.0000
130.000    -0.5621    0.8123    -1.0000
140.000    -0.6503    0.6073    -1.0000
150.000    -0.6990    0.4131    -1.0000
160.000    -0.4688    0.2538    -1.0000
170.000    -0.2347    0.1491    -1.0000
180.000    0.0000    0.1129    -1.0000
EOT 1
