AeroDyn airfoil file.  Compatible with AeroDyn v13.0.
This file was generated automatically by HARP_Opt.
This data represents a 22.8 percent thick airfoil, and was interpolated between the airfoil data in the files FFA_0240.dat and FFA_0210.dat.
  1           Number of airfoil tables in this file
 1.582         Table ID parameter (Reynolds number in millions)
13.514         Stall angle (deg)
  0           Zero lift angle of attack (deg)
  0           Cn slope for zero lift (dimensionless)
  0           Cn at stall value for positive angle of attack
  0           Cn at stall value for negative angle of attack
  0           Angle of attack for minimum CD (deg)
  0           Minimum CD value
-180.000    0.0000    0.0949    -1.0000
-170.000    0.2224    0.1310    -1.0000
-160.000    0.4444    0.2357    -1.0000
-150.000    0.6647    0.3959    -1.0000
-140.000    0.6320    0.5911    -1.0000
-130.000    0.5502    0.7974    -1.0000
-120.000    0.4436    0.9888    -1.0000
-110.000    0.3096    1.1406    -1.0000
-100.000    0.1567    1.2337    -1.0000
-90.000    0.0000    1.2552    -1.0000
-80.000    -0.1567    1.2337    -1.0000
-70.000    -0.3096    1.1406    -1.0000
-60.000    -0.4436    0.9888    -1.0000
-50.000    -0.5502    0.7974    -1.0000
-40.000    -0.6320    0.5911    -1.0000
-30.000    -0.6668    0.4093    -1.0000
-20.000    -0.4625    0.2544    -0.7230
-10.000    -0.2567    0.0997    -4.3499
-3.490    -0.1161    0.0111    -1.1478
-2.280    0.0469    0.0114    -0.9500
-1.050    0.1826    0.0119    -0.9428
0.000    0.3047    0.0125    -1.0167
0.433    0.3559    0.0125    -1.0630
0.866    0.4073    0.0125    -1.1135
1.298    0.4568    0.0127    -1.1671
1.728    0.5051    0.0131    -1.2275
2.157    0.5537    0.0133    -1.2877
2.583    0.6042    0.0135    -1.3470
3.007    0.6544    0.0136    -1.4053
3.428    0.7040    0.0141    -1.4632
3.845    0.7531    0.0145    -1.5206
4.258    0.7966    0.0151    -1.5774
4.667    0.8425    0.0155    -1.6361
5.071    0.8928    0.0156    -1.6960
5.470    0.9366    0.0159    -1.7612
5.864    0.9792    0.0161    -1.8273
6.251    1.0203    0.0167    -1.9091
6.632    1.0655    0.0171    -1.9895
7.006    1.1061    0.0176    -2.0806
7.372    1.1384    0.0181    -2.1710
7.732    1.1746    0.0183    -2.2657
8.083    1.2091    0.0186    -2.3739
8.426    1.2413    0.0191    -2.4796
8.760    1.2709    0.0196    -2.5886
9.085    1.2966    0.0202    -2.6943
9.401    1.3216    0.0206    -2.7957
9.708    1.3466    0.0203    -2.8935
10.004    1.3705    0.0200    -2.9799
10.290    1.3920    0.0203    -3.0535
10.566    1.4120    0.0210    -3.1244
10.830    1.4303    0.0216    -3.1842
11.084    1.4447    0.0234    -3.2363
11.326    1.4582    0.0251    -3.2860
11.556    1.4700    0.0269    -3.3333
11.775    1.4805    0.0285    -3.3782
11.982    1.4888    0.0299    -3.4206
12.176    1.4965    0.0312    -3.4605
12.357    1.5038    0.0324    -3.4978
12.526    1.5101    0.0336    -3.5251
12.682    1.5148    0.0348    -3.5492
12.826    1.5188    0.0360    -3.5713
12.955    1.5223    0.0371    -3.5914
13.072    1.5248    0.0382    -3.6094
13.175    1.5267    0.0392    -3.6254
13.265    1.5283    0.0400    -3.6392
13.341    1.5297    0.0407    -3.6509
13.403    1.5308    0.0413    -3.6555
13.452    1.5317    0.0417    -3.6590
13.486    1.5323    0.0420    -3.6615
13.507    1.5327    0.0422    -3.6631
13.514    1.5328    0.0423    -3.6636
13.530    1.5313    0.0429    -3.6647
13.579    1.5267    0.0445    -3.6683
13.659    1.5191    0.0473    -3.6742
13.772    1.5085    0.0512    -3.6824
13.918    1.4941    0.0566    -3.6930
14.095    1.4743    0.0646    -3.7059
14.303    1.4493    0.0741    -3.7212
14.544    1.4165    0.0851    -3.7424
14.815    1.3877    0.0956    -3.7691
15.118    1.3585    0.1064    -3.7989
15.451    1.3339    0.1168    -3.8317
15.815    1.3312    0.1245    -3.8666
16.209    1.3262    0.1325    -3.9044
16.632    1.3193    0.1394    -3.9451
17.085    1.3123    0.1472    -3.9885
17.566    1.3056    0.1553    -4.0492
18.075    1.2970    0.1632    -4.1125
18.612    1.2812    0.1711    -4.1721
19.176    1.2552    0.1797    -3.7929
19.767    1.2260    0.1878    -3.3529
20.383    1.2088    0.1956    -2.9918
21.025    1.1996    0.2056    -2.6973
21.692    1.1796    0.2166    -2.0819
22.382    1.1609    0.2278    -1.0564
23.096    1.1408    0.2390    -1.0000
23.832    1.1217    0.2533    -1.0000
24.590    1.1038    0.2696    -1.0000
25.369    1.0804    0.2845    -1.0000
26.168    1.0541    0.3003    -1.0000
26.986    1.0317    0.3182    -1.0000
27.823    1.0161    0.3383    -1.0000
28.678    1.0104    0.3610    -1.0000
29.549    1.0016    0.3802    -1.0000
30.437    0.9896    0.3974    -1.0000
31.339    0.9808    0.4154    -1.0000
32.255    0.9767    0.4350    -1.0000
33.184    0.9723    0.4538    -1.0000
34.126    0.9638    0.4727    -1.0000
35.079    0.9537    0.4917    -1.0000
36.041    0.9435    0.5110    -1.0000
37.013    0.9332    0.5304    -1.0000
37.994    0.9227    0.5500    -1.0000
38.981    0.9122    0.5698    -1.0000
39.975    0.9016    0.5897    -1.0000
40.974    0.8902    0.6104    -1.0000
41.977    0.8788    0.6313    -1.0000
42.983    0.8673    0.6522    -1.0000
43.991    0.8558    0.6732    -1.0000
45.000    0.8443    0.6942    -1.0000
50.000    0.7860    0.7973    -1.0000
60.000    0.6336    0.9886    -1.0000
70.000    0.4421    1.1405    -1.0000
80.000    0.2241    1.2337    -1.0000
90.000    0.0002    1.2552    -1.0000
100.000    -0.1570    1.2338    -1.0000
110.000    -0.3094    1.1409    -1.0000
120.000    -0.4434    0.9885    -1.0000
130.000    -0.5503    0.7974    -1.0000
140.000    -0.6317    0.5911    -1.0000
150.000    -0.6632    0.3960    -1.0000
160.000    -0.4444    0.2361    -1.0000
170.000    -0.2224    0.1312    -1.0000
180.000    0.0000    0.0949    -1.0000
EOT 1
