AeroDyn airfoil file.  Compatible with AeroDyn v13.0.
This file was generated automatically by HARP_Opt.
This data represents a 21.2 percent thick airfoil, and was interpolated between the airfoil data in the files FFA_0240.dat and FFA_0210.dat.
  1           Number of airfoil tables in this file
 1.758         Table ID parameter (Reynolds number in millions)
10.986         Stall angle (deg)
  0           Zero lift angle of attack (deg)
  0           Cn slope for zero lift (dimensionless)
  0           Cn at stall value for positive angle of attack
  0           Cn at stall value for negative angle of attack
  0           Angle of attack for minimum CD (deg)
  0           Minimum CD value
-180.000    0.0000    0.1910    -1.0000
-170.000    0.2878    0.2261    -1.0000
-160.000    0.5747    0.3293    -1.0000
-150.000    0.8579    0.4867    -1.0000
-140.000    0.7316    0.6772    -1.0000
-130.000    0.6131    0.8770    -1.0000
-120.000    0.4813    1.0601    -1.0000
-110.000    0.3286    1.2005    -1.0000
-100.000    0.1632    1.2802    -1.0000
-90.000    0.0000    1.2861    -1.0000
-80.000    -0.1632    1.2802    -1.0000
-70.000    -0.3286    1.2005    -1.0000
-60.000    -0.4813    1.0601    -1.0000
-50.000    -0.6131    0.8770    -1.0000
-40.000    -0.7316    0.6772    -1.0000
-30.000    -0.8581    0.4881    -1.0000
-20.000    -0.5989    0.2940    -0.7230
-10.000    -0.3361    0.1009    -4.3499
-3.490    -0.0976    0.0029    -1.1375
-2.280    0.0536    0.0034    -0.8441
-1.050    0.2032    0.0045    -0.8293
0.000    0.3336    0.0052    -0.9150
0.352    0.3775    0.0052    -0.9464
0.704    0.4213    0.0052    -0.9787
1.055    0.4649    0.0052    -1.0109
1.405    0.5079    0.0053    -1.0461
1.753    0.5506    0.0053    -1.0826
2.100    0.5933    0.0053    -1.1189
2.445    0.6356    0.0053    -1.1578
2.787    0.6775    0.0056    -1.2028
3.126    0.7191    0.0059    -1.2475
3.462    0.7597    0.0062    -1.2922
3.794    0.7996    0.0063    -1.3400
4.123    0.8393    0.0064    -1.3873
4.447    0.8780    0.0064    -1.4342
4.767    0.9166    0.0065    -1.4910
5.081    0.9550    0.0066    -1.5469
5.391    0.9929    0.0067    -1.6021
5.695    1.0294    0.0070    -1.6564
5.993    1.0643    0.0074    -1.7216
6.285    1.0982    0.0075    -1.7965
6.571    1.1311    0.0076    -1.8699
6.850    1.1632    0.0077    -1.9504
7.121    1.1942    0.0079    -2.0330
7.386    1.2241    0.0081    -2.1134
7.643    1.2531    0.0083    -2.1909
7.892    1.2806    0.0085    -2.2812
8.133    1.3067    0.0087    -2.3766
8.365    1.3317    0.0089    -2.4686
8.589    1.3556    0.0092    -2.5651
8.804    1.3770    0.0095    -2.6616
9.010    1.3958    0.0101    -2.7540
9.207    1.4138    0.0106    -2.8424
9.395    1.4289    0.0112    -2.9263
9.572    1.4428    0.0118    -3.0056
9.740    1.4538    0.0125    -3.0806
9.898    1.4641    0.0131    -3.1507
10.046    1.4737    0.0137    -3.2150
10.183    1.4819    0.0142    -3.2748
10.310    1.4878    0.0147    -3.3301
10.426    1.4932    0.0152    -3.3807
10.532    1.4981    0.0157    -3.4267
10.627    1.5011    0.0161    -3.4679
10.711    1.5031    0.0166    -3.5034
10.783    1.5049    0.0170    -3.5333
10.845    1.5064    0.0173    -3.5586
10.896    1.5077    0.0176    -3.5794
10.935    1.5086    0.0178    -3.5956
10.963    1.5093    0.0179    -3.6071
10.980    1.5097    0.0180    -3.6141
10.986    1.5099    0.0181    -3.6164
11.003    1.5095    0.0183    -3.6236
11.056    1.5084    0.0192    -3.6451
11.143    1.5066    0.0206    -3.6809
11.265    1.5040    0.0226    -3.7309
11.422    1.4991    0.0263    -3.7952
11.613    1.4870    0.0347    -3.8737
11.839    1.4687    0.0447    -3.9661
12.098    1.4377    0.0566    -4.0726
12.392    1.4235    0.0654    -4.1916
12.719    1.4149    0.0734    -4.2926
13.079    1.4084    0.0812    -4.4038
13.472    1.4028    0.0896    -4.5007
13.897    1.3921    0.0980    -4.5532
14.354    1.3807    0.1056    -4.6097
14.843    1.3690    0.1135    -4.6655
15.363    1.3573    0.1214    -4.7242
15.913    1.3409    0.1288    -4.7828
16.493    1.3171    0.1353    -4.8441
17.103    1.2904    0.1422    -4.9085
17.741    1.2576    0.1456    -5.0251
18.407    1.2355    0.1507    -5.1519
19.100    1.2307    0.1633    -4.4048
19.820    1.2272    0.1804    -3.1039
20.566    1.2229    0.1957    -2.1079
21.337    1.2184    0.2089    -1.2303
22.132    1.2147    0.2306    -1.0475
22.951    1.2121    0.2536    -1.0000
23.793    1.2099    0.2749    -1.0000
24.656    1.2088    0.3002    -1.0000
25.540    1.2092    0.3294    -1.0000
26.444    1.2085    0.3602    -1.0000
27.367    1.2068    0.3924    -1.0000
28.309    1.2157    0.4335    -1.0000
29.267    1.2261    0.4666    -1.0000
30.242    1.2270    0.4906    -1.0000
31.232    1.2077    0.5092    -1.0000
32.236    1.1894    0.5285    -1.0000
33.253    1.1709    0.5479    -1.0000
34.282    1.1517    0.5676    -1.0000
35.322    1.1322    0.5875    -1.0000
36.372    1.1125    0.6076    -1.0000
37.431    1.0926    0.6278    -1.0000
38.498    1.0725    0.6483    -1.0000
39.571    1.0523    0.6688    -1.0000
40.650    1.0333    0.6900    -1.0000
41.734    1.0151    0.7117    -1.0000
42.821    0.9968    0.7334    -1.0000
43.910    0.9785    0.7552    -1.0000
45.000    0.9602    0.7770    -1.0000
50.000    0.8759    0.8769    -1.0000
60.000    0.6871    1.0595    -1.0000
70.000    0.4692    1.2003    -1.0000
80.000    0.2335    1.2802    -1.0000
90.000    0.0004    1.2861    -1.0000
100.000    -0.1638    1.2804    -1.0000
110.000    -0.3282    1.2011    -1.0000
120.000    -0.4807    1.0593    -1.0000
130.000    -0.6133    0.8770    -1.0000
140.000    -0.7310    0.6773    -1.0000
150.000    -0.8542    0.4870    -1.0000
160.000    -0.5748    0.3302    -1.0000
170.000    -0.2878    0.2267    -1.0000
180.000    0.0000    0.1910    -1.0000
EOT 1
